1.000000
0.993277
0.986603
0.979972
0.973391
0.966902
0.960447
0.954072
0.947813
0.941546
0.935355
0.929222
0.923206
0.917217
0.911285
0.905451
0.899682
0.893953
0.888268
0.882640
0.877087
0.871581
0.866091
0.860640
0.855163
0.849749
0.844347
0.839055
0.833789
0.828568
0.823425
0.818312
0.813250
0.808180
0.803134
0.798182
0.793254
0.788357
0.783476
0.778710
0.773992
0.769308
0.764687
0.760077
0.755439
0.750880
0.746384
0.741923
0.737494
0.733076
0.728651
0.724286
0.719932
0.715610
0.711308
0.707031
0.702767
0.698540
0.694316
0.690156
0.686035
0.681940
0.677879
0.673852
0.669877
0.665896
0.661905
0.657930
0.653984
0.650065
0.646173
0.642280
0.638428
0.634572
0.630714
0.626927
0.623131
0.619358
0.615629
0.611921
0.608260
0.604622
0.601060
0.597502
0.593967
0.590413
0.586934
0.583505
0.580058
0.576654
0.573315
0.569995
0.566683
0.563416
0.560162
0.556882
0.553666
0.550465
0.547361
0.544240
0.541155
0.538092
0.535029
0.532023
0.529019
0.526053
0.523136
0.520230
0.517363
0.514533
0.511707
0.508895
0.506138
0.503414
0.500692
0.497956
0.495253
0.492599
0.489963
0.487355
0.484806
0.482305
0.479827
0.477383
0.474951
0.472538
0.470168
0.467768
0.465386
0.463044
0.460784
0.458518
0.456285
0.454067
0.451839
0.449632
0.447462
0.445296
0.443169
0.441057
0.438896
0.436768
0.434632
0.432480
0.430323
0.428203
0.426102
0.424009
0.421961
0.419885
0.417798
0.415651
0.413529
0.411416
0.409278
0.407119
0.404962
0.402849
0.400724
0.398623
0.396524
0.394466
0.392412
0.390310
0.388245
0.386215
0.384205
0.382199
0.380205
0.378245
0.376229
0.374253
0.372300
0.370345
0.368372
0.366394
0.364403
0.362447
0.360506
0.358586
0.356715
0.354924
0.353144
0.351340
0.349523
0.347716
0.345958
0.344208
0.342462
0.340711
0.339008
0.337362
0.335688
0.334063
0.332450
0.330866
0.329279
0.327680
0.326107
0.324546
0.322921
0.321348
0.319799
0.318266
0.316723
0.315208
0.313620
0.312003
0.310399
0.308784
0.307148
0.305502
0.303846
0.302192
0.300568
0.298932
0.297314
0.295733
0.294177
0.292649
0.291186
0.289715
0.288258
0.286843
0.285422
0.283996
0.282619
0.281219
0.279821
0.278482
0.277163
0.275857
0.274559
0.273286
0.271987
0.270702
0.269398
0.268092
0.266767
0.265451
0.264129
0.262808
0.261476
0.260116
0.258723
0.257348
0.255965
0.254645
0.253305
0.251991
0.250690
0.249408
0.248138
0.246855
0.245575
0.244269
0.242951
0.241641
0.240325
0.238992
0.237663
0.236395
0.235135
0.233890
0.232635
0.231383
0.230160
0.228941
0.227648
0.226326
0.224999
0.223677
0.222370
0.221042
0.219691
0.218374
0.217052
0.215782
0.214497
0.213259
0.212007
0.210751
0.209517
0.208353
0.207146
0.205987
0.204890
0.203767
0.202660
0.201558
0.200460
0.199356
0.198228
0.197073
0.195905
0.194720
0.193478
0.192223
0.190994
0.189783
0.188647
0.187520
0.186380
0.185248
0.184093
0.182908
0.181737
0.180582
0.179423
0.178340
0.177304
0.176249
0.175245
0.174245
0.173285
0.172318
0.171328
0.170368
0.169421
0.168552
0.167680
0.166852
0.166046
0.165277
0.164518
0.163744
0.162920
0.162145
0.161301
0.160450
0.159575
0.158729
0.157854
0.157024
0.156143
0.155302
0.154443
0.153613
0.152790
0.152007
0.151212
0.150377
0.149533
0.148717
0.147949
0.147184
0.146389
0.145605
0.144843
0.144034
0.143215
0.142354
0.141471
0.140585
0.139699
0.138783
0.137878
0.136968
0.136137
0.135305
0.134524
0.133751
0.132930
0.132111
0.131358
0.130641
0.129905
0.129199
0.128468
0.127735
0.127107
0.126509
0.125916
0.125327
0.124757
0.124193
0.123713
0.123237
0.122763
0.122310
0.121866
0.121405
0.120896
0.120405
0.119933
0.119475
0.119034
0.118552
0.118029
0.117505
0.117025
0.116538
0.116055
0.115538
0.115021
0.114518
0.113985
0.113445
0.112855
0.112294
0.111724
0.111154
0.110618
0.110064
0.109541
0.109076
0.108584
0.108140
0.107671
0.107190
0.106735
0.106289
0.105870
0.105467
0.105017
0.104617
0.104168
0.103711
0.103250
0.102779
0.102350
0.101951
0.101485
0.100994
0.100543
0.100052
0.099588
0.099124
0.098654
0.098114
0.097628
0.097142
0.096656
0.096173
0.095678
0.095205
0.094742
0.094306
0.093864
0.093466
0.093052
0.092678
0.092270
0.091856
0.091429
0.090964
0.090571
0.090183
0.089779
0.089355
0.088911
0.088534
0.088136
0.087759
0.087430
0.087058
0.086699
0.086314
0.085956
0.085595
0.085270
0.084927
0.084610
0.084318
0.084046
0.083758
0.083470
0.083252
0.083016
0.082764
0.082485
0.082196
0.081887
0.081579
0.081344
0.081052
0.080761
0.080443
0.080153
0.079876
0.079664
0.079468
0.079265
0.079058
0.078783
0.078451
0.078205
0.077948
0.077719
0.077515
0.077254
0.076963
0.076680
0.076383
0.076071
0.075803
0.075541
0.075311
0.075055
0.074743
0.074425
0.074098
0.073782
0.073480
0.073181
0.072909
0.072617
0.072275
0.071937
0.071540
0.071116
0.070686
0.070262
0.069930
0.069653
0.069410
0.069208
0.069006
0.068769
0.068608
0.068412
0.068221
0.068081
0.067939
0.067779
0.067648
0.067555
0.067474
0.067410
0.067319
0.067222
0.067191
0.067140
0.067128
0.067103
0.067105
0.067062
0.066979
0.066865
0.066699
0.066580
0.066459
0.066320
0.066221
0.066151
0.066093
0.065972
0.065811
0.065696
0.065559
0.065376
0.065234
0.065086
0.064889
0.064716
0.064492
0.064228
0.063984
0.063734
0.063481
0.063250
0.063027
0.062801
0.062540
0.062298
0.062064
0.061794
0.061551
0.061342
0.061119
0.060905
0.060657
0.060420
0.060177
0.059942
0.059655
0.059409
0.059116
0.058880
0.058653
0.058431
0.058209
0.057950
0.057686
0.057427
0.057140
0.056897
0.056679
0.056453
0.056256
0.056040
0.055872
0.055708
0.055612
0.055516
0.055408
0.055293
0.055238
0.055192
0.055179
0.055166
0.055146
0.055134
0.055116
0.055114
0.055152
0.055181
0.055175
0.055174
0.055249
0.055306
0.055348
0.055404
0.055444
0.055483
0.055508
0.055531
0.055520
0.055510
0.055519
0.055519
0.055528
0.055505
0.055510
0.055503
0.055501
0.055503
0.055523
0.055592
0.055663
0.055732
0.055802
0.055874
0.055956
0.056065
0.056145
0.056238
0.056303
0.056352
0.056400
0.056443
0.056486
0.056534
0.056538
0.056565
0.056585
0.056587
0.056555
0.056506
0.056387
0.056248
0.056092
0.055992
0.055907
0.055809
0.055692
0.055589
0.055481
0.055329
0.055199
0.055044
0.054877
0.054638
0.054386
0.054076
0.053840
0.053610
0.053341
0.053084
0.052844
0.052555
0.052277
0.052045
0.051847
0.051687
0.051512
0.051355
0.051226
0.051078
0.050916
0.050775
0.050624
0.050445
0.050278
0.050130
0.049971
0.049793
0.049554
0.049335
0.049164
0.048958
0.048754
0.048513
0.048256
0.047987
0.047706
0.047481
0.047290
0.047114
0.046950
0.046807
0.046694
0.046648
0.046580
0.046490
0.046400
0.046280
0.046127
0.046023
0.045876
0.045747
0.045591
0.045451
0.045283
0.045073
0.044820
0.044565
0.044330
0.044069
0.043849
0.043600
0.043370
0.043091
0.042850
0.042595
0.042341
0.042083
0.041849
0.041603
0.041409
0.041174
0.040916
0.040691
0.040473
0.040301
0.040134
0.039910
0.039675
0.039499
0.039340
0.039205
0.039066
0.038963
0.038850
0.038730
0.038565
0.038407
0.038265
0.038100
0.037969
0.037806
0.037633
0.037443
0.037212
0.037010
0.036827
0.036640
0.036469
0.036306
0.036217
0.036127
0.036016
0.035922
0.035858
0.035815
0.035746
0.035658
0.035558
0.035456
0.035351
0.035203
0.035042
0.034855
0.034652
0.034431
0.034233
0.033981
0.033709
0.033405
0.033126
0.032878
0.032656
0.032412
0.032205
0.032041
0.031854
0.031693
0.031567
0.031463
0.031340
0.031205
0.031107
0.031043
0.030927
0.030811
0.030709
0.030610
0.030497
0.030394
0.030269
0.030143
0.030038
0.029937
0.029854
0.029771
0.029700
0.029631
0.029584
0.029560
0.029564
0.029620
0.029663
0.029689
0.029742
0.029742
0.029794
0.029837
0.029824
0.029814
0.029855
0.029855
0.029829
0.029827
0.029807
0.029807
0.029790
0.029774
0.029799
0.029855
0.029859
0.029827
0.029835
0.029839
0.029838
0.029873
0.029859
0.029850
0.029848
0.029866
0.029815
0.029740
0.029688
0.029675
0.029727
0.029756
0.029745
0.029761
0.029735
0.029707
0.029659
0.029610
0.029586
0.029563
0.029534
0.029461
0.029397
0.029309
0.029238
0.029172
0.029099
0.029023
0.028926
0.028834
0.028766
0.028693
0.028594
0.028540
0.028445
0.028300
0.028148
0.027975
0.027803
0.027616
0.027443
0.027291
0.027150
0.027028
0.026899
0.026769
0.026632
0.026533
0.026464
0.026384
0.026267
0.026196
0.026118
0.026008
0.025882
0.025764
0.025604
0.025501
0.025474
0.025439
0.025398
0.025384
0.025333
0.025253
0.025147
0.025024
0.024886
0.024734
0.024568
0.024354
0.024132
0.023915
0.023685
0.023479
0.023286
0.023076
0.022896
0.022735
0.022581
0.022387
0.022176
0.021967
0.021709
0.021461
0.021207
0.020939
0.020699
0.020447
0.020177
0.019960
0.019753
0.019580
0.019370
0.019152
0.018937
0.018743
0.018533
0.018323
0.018141
0.017992
0.017828
0.017699
0.017567
0.017406
0.017209
0.016998
0.016754
0.016540
0.016308
0.016083
0.015800
0.015513
0.015259
0.015023
0.014789
0.014594
0.014408
0.014269
0.014137
0.013983
0.013806
0.013664
0.013518
0.013351
0.013134
0.012923
0.012688
0.012462
0.012190
0.011852
0.011512
0.011237
0.010950
0.010664
0.010376
0.010101
0.009872
0.009642
0.009356
0.009102
0.008816
0.008547
0.008252
0.007952
0.007676
0.007452
0.007215
0.006923
0.006614
0.006302
0.005947
0.005578
0.005234
0.004849
0.004452
0.004090
0.003701
0.003309
0.002945
0.002545
0.002193
0.001866
0.001521
0.001223
0.000956
0.000715
0.000449
