1.000000
0.687368
0.484317
0.346284
0.248910
0.180276
0.132041
0.095991
0.071051
0.051663
0.035945
0.026064
0.018121
0.012340
0.009442
0.007639
0.005301
0.001635
0.000233
-0.000813
-0.001271
-0.002802
-0.003544
-0.004219
-0.004633
-0.004269
-0.002952
-0.001973
0.000219
0.002024
0.001825
0.000525
0.000637
0.000877
-0.001575
-0.003307
-0.002163
0.000200
0.000891
0.002250
0.003612
0.003198
0.002091
0.000998
-0.000218
0.001887
0.003861
0.004461
0.004547
0.006340
0.005265
0.004000
0.002611
-0.000105
-0.000900
-0.001683
-0.002376
-0.002557
-0.004160
-0.004501
-0.005257
-0.003596
-0.002187
-0.001343
-0.001405
-0.000734
0.000229
0.000904
0.002137
0.002877
0.004296
0.006358
0.006825
0.004047
0.001922
-0.000235
-0.000820
-0.001175
0.000974
0.001101
0.002142
0.001348
0.001305
0.000246
0.001777
0.004660
0.005529
0.003930
0.002622
0.001578
-0.000881
-0.003652
-0.004069
-0.003690
-0.002432
-0.002678
-0.003379
-0.001802
-0.000726
0.000355
0.002235
0.004512
0.004851
0.001068
-0.002649
-0.004179
-0.001822
-0.003285
-0.004552
-0.004696
-0.003849
-0.002482
-0.001054
-0.000336
0.001996
0.002998
0.003660
0.006893
0.007110
0.006937
0.005356
0.003669
0.001172
0.001130
0.003076
0.003643
0.003408
0.003423
0.003250
0.001448
-0.000929
-0.002076
-0.003208
-0.002626
-0.001606
-0.000145
0.001315
0.000387
0.000498
-0.001556
-0.005106
-0.005405
-0.004891
-0.003825
-0.004416
-0.003712
-0.003761
-0.004332
-0.002675
-0.002612
-0.000851
0.000571
0.001353
0.002038
0.003039
0.002656
0.002022
0.003190
0.001533
0.000153
-0.001003
-0.001387
-0.000574
0.000945
0.001901
0.002484
0.003605
0.004281
0.005201
0.006702
0.008647
0.010628
0.009949
0.008983
0.009712
0.009340
0.007862
0.006537
0.003501
0.000575
-0.003654
-0.005394
-0.007539
-0.007044
-0.004510
-0.003813
-0.001567
-0.001879
-0.002532
-0.003367
-0.004156
-0.005014
-0.007566
-0.008479
-0.008374
-0.007299
-0.006592
-0.004632
-0.001718
-0.002240
-0.000969
0.000655
0.002618
0.002930
0.001579
0.002385
0.003566
0.003100
0.000219
-0.002295
-0.002930
-0.003239
-0.002938
-0.001916
-0.001227
-0.002183
-0.000515
0.000014
0.000010
-0.000486
-0.000605
0.000652
0.001190
0.001366
0.003181
0.005479
0.004036
0.003089
0.002067
0.002828
0.003850
0.003091
0.001084
-0.000681
-0.000279
-0.001274
0.000526
0.001965
0.000583
-0.002085
-0.003708
-0.003819
-0.005304
-0.003987
-0.002283
-0.000866
-0.001046
0.001461
0.003065
0.004931
0.005450
0.004681
0.003247
0.002875
0.003792
0.003891
0.004419
0.001816
0.002755
0.001438
-0.000220
-0.002586
-0.004260
-0.002272
-0.000920
-0.001257
-0.002211
0.000032
0.000790
0.000161
0.000487
0.000180
-0.001243
-0.002941
-0.004828
-0.005159
-0.002123
-0.002787
-0.004532
-0.005181
-0.001958
-0.001424
-0.001009
-0.000681
0.000059
0.000821
0.002282
0.003162
0.000056
0.002035
0.001835
0.000867
-0.000894
-0.001471
-0.001903
-0.002923
-0.004048
-0.005262
-0.006110
-0.007805
-0.009672
-0.009225
-0.006857
-0.004153
-0.001943
0.000365
0.001611
0.001351
0.002164
0.002675
0.004127
0.005911
0.006370
0.004482
0.004134
0.006239
0.005956
0.004998
0.004570
0.004374
0.003656
0.004101
0.004109
0.003264
0.001998
0.002426
0.000750
-0.001395
-0.002441
-0.003721
-0.001933
0.000179
-0.000463
-0.000792
-0.000388
0.000599
0.001186
0.002264
0.001522
-0.000890
-0.001173
-0.001937
-0.003659
-0.002936
-0.004039
-0.005068
-0.006009
-0.005470
-0.003140
-0.001064
0.000366
0.001742
0.001232
0.001169
0.000738
0.000914
0.000507
0.000425
0.000180
0.001812
-0.000786
-0.000701
-0.000629
0.001739
0.003276
0.002908
0.004443
0.005561
0.004209
0.000404
0.001008
0.002559
0.003282
0.003194
0.002377
0.001259
0.000372
-0.000694
-0.002119
-0.002734
-0.005741
-0.005118
-0.002691
-0.002195
-0.002115
-0.003432
-0.003265
-0.002556
-0.004496
-0.006073
-0.005230
-0.004854
-0.005460
-0.004749
-0.001364
-0.002056
-0.001479
-0.000417
0.000626
0.002619
0.004277
0.005413
0.008186
0.008597
0.010310
0.008420
0.007150
0.005848
0.004983
0.006056
0.006672
0.007105
0.006512
0.004983
0.006370
0.003460
0.002930
0.003065
0.004683
0.004360
0.004611
0.006302
0.008036
0.008931
0.009593
0.008857
0.007757
0.007806
0.007241
0.004022
0.001398
-0.001084
-0.001048
-0.000546
-0.001407
-0.001421
-0.003045
-0.003387
-0.003294
-0.002309
-0.001564
0.001786
0.003201
0.001423
0.000535
-0.001433
-0.000646
0.000271
0.002037
0.004339
0.007431
0.007113
0.007244
0.004789
0.002686
0.001298
0.002002
0.004539
0.004227
0.001858
-0.000203
-0.002229
-0.002553
-0.003340
-0.002322
-0.002518
-0.003026
-0.004114
-0.002045
-0.003282
-0.004132
-0.003718
-0.003607
-0.003324
-0.003302
-0.004643
-0.006533
-0.008037
-0.005565
-0.002964
-0.002878
-0.002344
-0.001557
0.000962
0.003776
0.005361
0.004260
0.002530
0.001215
0.000813
-0.001009
-0.000850
0.001102
0.003008
0.004147
0.004979
0.006618
0.007167
0.005837
0.005243
0.004162
0.003643
0.004565
0.003905
0.003133
0.004222
0.003700
0.004111
0.005313
0.004114
0.003707
0.003914
0.003664
0.002142
0.000298
-0.000663
-0.002329
-0.003121
-0.002909
-0.002628
-0.003964
-0.004117
-0.003917
-0.004343
-0.004547
-0.005841
-0.003997
-0.005893
-0.008481
-0.008744
-0.007511
-0.006214
-0.004659
-0.005964
-0.005672
-0.006122
-0.006568
-0.005305
-0.004022
-0.002647
-0.003797
-0.002679
-0.002924
-0.003421
-0.003345
-0.003842
-0.004681
-0.003905
-0.002631
-0.001390
0.000291
0.001555
0.001363
-0.000097
-0.001341
-0.001044
-0.001974
0.000307
0.002305
0.002722
0.001566
0.002781
0.003904
0.002203
0.002997
0.003991
0.003931
0.003340
0.001154
0.001184
0.000819
0.001356
0.000946
0.000606
0.000196
0.001116
0.001176
-0.001394
-0.003904
-0.003144
-0.002407
-0.001571
-0.000350
0.001412
0.000732
0.000495
-0.000650
-0.001035
0.000147
0.001044
0.001359
0.004384
0.005157
0.003548
0.001937
0.001816
0.001896
0.002528
0.003978
0.005925
0.006762
0.005235
0.002697
0.002002
0.001003
-0.001948
-0.003060
-0.003080
-0.002768
-0.001796
-0.001433
-0.000845
-0.001455
-0.002058
-0.001419
-0.002486
-0.002925
-0.002023
-0.000701
0.000476
0.001029
0.001192
0.000650
-0.000366
-0.001624
-0.003862
-0.004678
-0.003236
-0.002949
-0.002514
-0.002552
-0.004084
-0.003615
-0.004228
-0.005314
-0.004417
-0.004059
-0.003875
-0.003057
-0.002924
-0.002452
-0.002085
0.000329
0.000483
0.000955
-0.000552
-0.001511
-0.001890
-0.001687
-0.001663
-0.001393
-0.002463
-0.003240
-0.001824
-0.001405
-0.001290
-0.000588
-0.001116
-0.003590
-0.005098
-0.007309
-0.008692
-0.010417
-0.010895
-0.012687
-0.014716
-0.015051
-0.012145
-0.009375
-0.007383
-0.003684
-0.001587
-0.001846
-0.002494
-0.003229
-0.003338
-0.001397
0.001093
0.000867
0.002233
0.003471
0.003991
0.005001
0.005797
0.005864
0.005250
0.002453
0.001314
-0.000057
-0.000416
-0.000322
-0.000267
0.000367
0.000688
0.001662
0.003521
0.003911
0.000685
-0.002333
-0.002767
-0.002853
-0.002594
-0.004489
-0.007031
-0.005827
-0.004193
-0.001306
0.000502
0.002399
0.002483
0.001963
0.000329
-0.002829
-0.002625
0.000256
0.000900
0.000923
0.002418
0.000998
-0.000388
-0.000367
-0.000592
-0.001535
-0.003811
-0.002654
-0.002206
-0.002932
-0.000514
0.001172
0.003500
0.003295
0.003245
0.004406
0.004428
0.003938
0.003157
0.002931
0.002146
0.002114
0.002233
0.002880
0.002142
0.000050
-0.000631
-0.001753
-0.002092
-0.002971
-0.001164
0.000162
0.000427
0.000855
0.000503
0.000933
0.000889
0.002058
0.002214
0.000182
-0.001278
-0.003536
-0.004886
-0.006099
-0.006397
-0.005716
-0.002776
-0.002122
-0.001447
-0.002263
-0.001089
0.000982
0.001545
-0.000060
-0.001326
-0.002679
-0.002941
-0.002008
-0.000957
-0.000613
0.000780
-0.001141
0.000579
0.000787
0.000084
-0.000959
-0.002131
-0.002350
-0.003176
-0.003958
-0.004182
-0.004533
-0.002290
-0.002137
-0.001842
-0.000325
0.001543
0.001982
0.002168
0.002344
0.002673
0.002019
-0.000440
-0.000527
-0.000448
0.000080
-0.000718
-0.000889
-0.000668
0.002285
0.003400
0.004257
0.007066
0.007943
0.007241
0.004459
0.001505
0.000805
0.001463
0.002896
0.003461
0.004144
0.004597
0.003720
0.004827
0.006516
0.008391
0.007135
0.006861
0.005943
0.004092
0.003548
0.001808
0.000339
-0.000199
0.000249
0.000273
0.000815
0.001745
0.002371
0.001352
0.001698
0.002018
-0.000489
-0.001501
-0.002769
-0.004561
-0.004583
-0.003142
-0.002397
-0.001729
0.001047
0.001912
0.002010
0.001606
0.001759
0.001848
0.001654
0.000990
0.001461
0.000997
0.001355
0.001126
-0.000902
-0.003314
-0.004527
-0.005340
-0.006817
-0.007789
-0.006039
-0.006001
-0.005925
-0.005064
-0.004150
-0.002519
-0.000432
-0.001289
-0.000391
-0.001999
-0.004172
-0.004690
-0.003904
-0.002186
0.000291
0.001114
0.000146
-0.000947
-0.002124
-0.001448
-0.001836
-0.001892
-0.004014
-0.004585
-0.003024
-0.000852
0.000521
0.001343
0.003348
0.003779
0.003550
0.002470
0.002615
0.002020
0.001536
0.000810
-0.000595
0.000326
-0.001095
-0.002154
-0.002089
-0.001703
-0.000029
0.001154
0.000977
0.001730
0.000879
-0.002516
-0.004519
-0.006448
-0.006194
-0.004324
-0.003452
-0.003131
-0.001719
-0.001344
0.001175
0.002788
0.004718
0.004144
0.003800
0.004323
0.004704
0.005398
0.004428
0.002460
0.000426
0.000220
-0.001961
-0.003560
-0.004182
-0.005875
-0.004397
-0.003201
-0.000944
0.000974
0.001408
0.002115
0.003054
0.003250
0.003491
0.002795
0.002729
0.000657
-0.002214
-0.003443
-0.003420
-0.003052
-0.006742
-0.007075
-0.005308
-0.003526
-0.001493
0.000328
0.001209
0.000616
0.000143
0.000093
0.000507
0.001495
0.002529
0.001890
0.002767
0.003813
0.004996
0.004629
0.002264
-0.000207
-0.000144
-0.000475
0.000704
0.000469
-0.000814
-0.002907
-0.003721
-0.002907
-0.002261
-0.001551
-0.002079
-0.001119
-0.001131
-0.001375
-0.002183
-0.000720
0.000691
0.001765
0.003229
0.003082
0.003678
0.004214
0.001727
0.000376
0.000346
0.002226
