1.000000
0.676287
0.467734
0.324076
0.227313
0.158172
0.110657
0.074791
0.051318
0.035668
0.025939
0.020047
0.014439
0.009636
0.006219
0.006508
0.008048
0.008626
0.007667
0.008143
0.007912
0.007481
0.006905
0.007302
0.007760
0.008725
0.007295
0.005914
0.004019
0.004546
0.004596
0.006254
0.006060
0.005199
0.003431
0.002286
-0.000388
-0.003252
-0.004368
-0.006370
-0.004209
-0.004661
-0.002968
-0.002969
-0.002228
-0.001986
-0.003102
-0.003974
-0.005031
-0.004293
-0.001638
-0.000124
-0.000292
0.001072
0.001927
0.000685
0.000881
-0.002597
-0.005048
-0.001864
-0.001952
-0.002721
-0.004472
-0.003572
-0.003840
-0.003849
-0.003767
-0.002516
-0.003122
-0.001717
-0.001574
-0.000366
0.001192
0.003025
0.002599
0.000850
0.000097
-0.000516
0.000697
-0.002918
-0.005398
-0.004435
-0.004655
-0.004251
-0.003623
-0.003449
-0.002838
-0.003336
-0.001727
-0.000458
0.001597
0.000375
-0.002001
-0.001939
-0.000080
0.000176
0.000824
0.000284
-0.001727
-0.002503
-0.001626
0.000024
-0.000244
-0.000477
0.000575
0.001498
0.003324
0.004169
0.002387
0.001162
-0.000484
-0.001948
-0.002237
-0.001557
-0.002607
-0.002810
-0.003596
-0.002303
-0.000204
0.002278
0.003375
0.004557
0.003483
0.003386
0.001502
0.000094
-0.002171
-0.003156
-0.003568
-0.003774
-0.003441
-0.003509
-0.001849
-0.002031
-0.000872
-0.001236
-0.001758
-0.002651
-0.003520
-0.005162
-0.007345
-0.008981
-0.009405
-0.008692
-0.007980
-0.005258
-0.003940
-0.001835
-0.001269
-0.001173
-0.002707
-0.004172
-0.004894
-0.004873
-0.003278
-0.002075
-0.001655
-0.003831
-0.005181
-0.005897
-0.003139
-0.001649
-0.000222
-0.000210
0.001295
0.003774
0.005759
0.004861
0.003276
0.002921
0.004944
0.004829
0.004514
0.002642
-0.000256
-0.000666
0.000042
-0.000494
-0.002313
-0.000670
0.000825
0.002366
0.002546
0.001690
-0.000225
-0.000982
-0.002447
-0.003566
-0.003502
-0.002822
-0.000094
-0.000163
0.000625
-0.001730
-0.002392
-0.000963
-0.001125
-0.000746
0.001751
0.003124
0.001985
0.002119
0.001841
0.002972
0.004835
0.007854
0.007842
0.008022
0.007127
0.006217
0.005183
0.003611
0.001262
0.001256
0.001244
0.000895
0.001445
0.001361
0.001951
0.003252
0.003487
0.004392
0.002427
0.000702
0.000921
-0.000651
-0.002438
-0.004697
-0.004503
-0.005542
-0.006036
-0.004502
-0.003056
-0.002487
0.000136
0.000513
0.001904
0.002297
0.003945
0.002344
-0.000818
-0.002382
-0.003958
-0.004600
-0.002733
-0.001040
0.001252
0.003247
0.003287
0.003922
0.003206
0.003474
0.002449
0.001215
0.001658
0.000794
0.000293
0.002320
0.005185
0.005858
0.003813
0.000692
0.000821
0.003590
0.003831
0.005460
0.006531
0.006406
0.006361
0.006041
0.005541
0.005770
0.005015
0.004542
0.004041
0.003165
0.003201
0.002472
0.003144
0.002925
0.001889
0.001702
0.002637
0.001550
0.002280
0.004388
0.004848
0.002548
-0.000040
-0.000575
0.000918
0.000943
0.001141
0.001472
0.001353
0.000892
0.001825
0.000756
0.000605
0.002536
0.003371
0.002814
0.003906
0.006069
0.007020
0.007194
0.007034
0.006200
0.005396
0.004596
0.004784
0.006937
0.006221
0.003253
-0.000923
-0.004072
-0.005397
-0.006386
-0.005950
-0.009045
-0.009265
-0.009275
-0.008757
-0.008504
-0.006041
-0.003980
-0.002351
-0.001199
-0.000971
-0.000843
-0.000873
-0.001045
-0.001150
-0.003408
-0.003448
-0.003693
-0.004502
-0.005045
-0.004910
-0.004162
-0.004717
-0.004255
-0.003780
-0.003095
-0.001258
0.001612
0.000424
0.001732
0.001220
-0.000773
-0.003973
-0.005554
-0.006381
-0.006454
-0.005073
-0.004523
-0.006506
-0.007703
-0.008075
-0.007831
-0.005391
-0.004318
-0.002447
-0.003390
-0.002629
-0.001177
0.000376
0.003524
0.004534
0.003286
0.003506
0.003648
0.002110
0.001340
0.001060
-0.000650
0.000064
-0.002291
-0.003669
-0.006214
-0.007145
-0.006635
-0.005716
-0.003720
-0.003953
-0.003519
-0.001564
0.000288
0.002085
0.004031
0.004237
0.003087
0.002206
0.001657
0.001924
0.002315
0.000617
-0.000988
-0.001405
-0.001963
-0.001424
0.000364
0.002131
0.003199
0.003530
0.003045
0.002750
0.001418
-0.000200
0.000537
0.003085
0.003564
0.004822
0.004627
0.004866
0.003297
0.001635
0.001521
0.001709
0.001771
0.001252
0.002395
0.001912
0.000280
-0.001476
-0.000991
0.000187
0.000360
0.001953
0.002510
0.002066
0.001201
-0.001824
-0.003881
-0.007258
-0.007809
-0.007116
-0.008339
-0.007247
-0.006870
-0.006878
-0.006008
-0.003749
-0.003311
-0.001655
-0.001582
0.001215
0.001218
-0.000049
-0.003688
-0.005881
-0.006066
-0.006335
-0.006869
-0.007386
-0.007026
-0.005768
-0.005039
-0.002793
-0.001088
-0.001288
-0.000997
0.001878
0.000072
-0.002636
-0.001478
-0.001280
-0.002907
-0.003772
-0.006684
-0.008136
-0.008074
-0.006847
-0.005471
-0.005607
-0.004690
-0.004708
-0.004688
-0.005404
-0.005839
-0.007213
-0.006741
-0.006495
-0.007400
-0.007395
-0.007440
-0.007921
-0.008187
-0.008899
-0.007017
-0.004159
0.000120
0.003725
0.005237
0.004853
0.006006
0.006057
0.006191
0.005549
0.003829
0.003436
0.003671
0.001214
-0.000928
-0.000139
0.001391
0.000870
-0.001977
-0.001280
0.000756
0.001985
0.002687
0.001261
0.000139
-0.000783
-0.001457
-0.001404
-0.001932
-0.002283
-0.003467
-0.001224
-0.000108
0.000171
-0.000173
-0.001052
-0.001459
0.000128
0.003168
0.004776
0.004507
0.003617
0.004440
0.002964
0.003528
0.004447
0.004707
0.003849
0.004144
0.003231
0.001516
0.000211
0.000615
0.002715
0.004268
0.007790
0.009655
0.008413
0.006668
0.004306
0.003182
0.003444
0.002735
0.002118
0.000302
-0.001427
-0.001232
-0.001147
-0.002477
-0.005436
-0.006309
-0.004881
-0.003845
-0.001295
0.000506
0.001747
0.001307
0.003077
0.002964
0.001503
0.000650
0.000877
-0.000583
-0.002942
-0.007754
-0.009254
-0.008650
-0.007784
-0.007525
-0.008097
-0.008410
-0.007324
-0.005994
-0.003940
-0.003459
-0.003889
-0.002804
-0.001489
-0.001807
-0.000438
0.004210
0.005337
0.004239
0.003560
0.002287
0.003476
0.004329
0.002579
0.003494
0.003487
0.003111
0.003773
0.003736
0.002669
0.000707
-0.001266
-0.001957
-0.002989
-0.003166
-0.004118
-0.005305
-0.004168
-0.003287
-0.005804
-0.007108
-0.007005
-0.006060
-0.004294
-0.000301
0.002489
0.002877
0.005572
0.006351
0.006455
0.006365
0.007618
0.005819
0.003821
0.000115
-0.001787
-0.002922
-0.003301
-0.004598
-0.006565
-0.007318
-0.005749
-0.006817
-0.008078
-0.007912
-0.006331
-0.006863
-0.007481
-0.007952
-0.007503
-0.007307
-0.008163
-0.007932
-0.006472
-0.007754
-0.006790
-0.005225
-0.003258
-0.002106
-0.001354
-0.001137
-0.000768
-0.000186
0.000820
0.002268
0.001148
0.000529
0.000924
-0.001580
-0.003310
-0.001812
-0.000845
-0.002201
-0.002183
0.000663
0.001333
-0.000656
-0.002345
-0.004221
-0.004725
-0.005306
-0.006068
-0.005476
-0.003800
-0.001690
-0.000083
0.002252
0.004594
0.005780
0.006473
0.006144
0.004408
0.004258
0.003238
0.000515
-0.002949
-0.002986
-0.003771
-0.004153
-0.005870
-0.007099
-0.006398
-0.006948
-0.005716
-0.003823
-0.001278
0.001874
0.001708
0.000550
-0.001457
-0.001325
-0.002545
-0.003631
-0.001693
-0.001830
-0.001548
0.000630
-0.001597
-0.003442
-0.005118
-0.004582
-0.002103
0.000772
0.002860
0.004260
0.005103
0.004112
0.004069
0.005360
0.004781
0.004584
0.001955
0.002312
0.001751
0.000060
-0.001230
-0.001488
-0.000384
-0.001669
-0.000598
-0.001001
-0.001389
-0.001664
-0.002297
-0.001438
0.000086
0.000367
0.000289
0.000420
-0.000890
-0.001268
0.000001
0.000621
-0.002083
-0.001949
-0.000025
-0.000156
-0.002382
-0.003993
-0.002534
-0.001609
-0.000535
0.000376
-0.000030
-0.000168
0.000902
-0.000776
-0.000434
0.001241
0.002963
0.003231
0.001902
0.002271
0.001663
0.003459
0.002892
0.001942
0.000263
-0.001214
-0.000200
0.000591
0.001388
0.001357
0.001397
0.000794
0.002302
0.003048
0.001061
0.002585
0.000077
0.001318
0.001884
0.000515
-0.000276
-0.000521
-0.000944
-0.000163
0.002403
0.002341
0.002079
0.003594
0.004679
0.003687
0.002728
0.002600
0.002673
0.002822
0.004134
0.005361
0.005189
0.004066
0.004011
0.005078
0.004185
0.001888
-0.000539
-0.001895
-0.001860
-0.000314
0.001172
0.002052
0.004234
0.004859
0.005210
0.007238
0.008378
0.009436
0.010908
0.009927
0.010009
0.008172
0.006980
0.005198
0.004916
0.005541
0.004566
0.001472
0.001004
-0.000891
-0.000674
-0.000778
-0.001134
-0.001282
-0.001761
-0.000385
-0.000975
-0.002857
-0.005292
-0.003513
-0.002790
-0.001156
0.000901
0.000427
-0.000629
-0.003658
-0.002959
-0.001810
-0.001140
-0.002340
-0.001608
-0.002152
-0.002420
-0.003289
-0.004327
-0.004226
-0.004895
-0.005949
-0.004454
-0.004119
-0.003476
-0.002060
-0.000616
0.000659
0.001977
0.003273
0.004538
0.005328
0.001754
0.001293
0.002500
0.002491
0.004273
0.005378
0.005839
0.005971
0.004608
0.003302
0.003141
0.002120
0.001379
0.000336
-0.000599
-0.000653
-0.000680
-0.001955
-0.003746
-0.001600
-0.001333
-0.000517
-0.000324
0.000585
0.002674
0.003779
0.005391
0.006093
0.006987
0.006226
0.006081
0.005897
0.005794
0.005709
0.007155
0.006185
0.004905
0.006422
0.005952
0.004351
0.003010
0.002131
-0.000416
-0.001363
-0.003024
-0.000412
0.001897
0.004282
0.005198
0.003244
0.001974
-0.000542
-0.000227
-0.000891
-0.001136
-0.000132
-0.001433
-0.000686
0.001300
0.002411
0.001644
0.003186
0.002534
0.002526
0.004761
0.006067
0.005086
0.005013
0.003337
0.004505
0.005905
0.006981
0.006621
0.003657
0.003445
0.002861
0.000483
-0.001015
-0.002154
-0.003596
-0.004581
-0.004524
-0.007053
-0.006271
-0.006679
-0.004952
-0.005099
-0.003280
-0.001911
-0.001576
-0.001067
-0.000041
0.000297
-0.000134
0.000085
0.000373
-0.000327
0.000366
0.001573
0.001705
0.000485
-0.000999
-0.000406
-0.003158
-0.004024
-0.002863
-0.002348
-0.002734
-0.000237
0.001499
0.003697
0.005491
0.003573
0.001627
-0.000377
-0.000201
-0.000588
-0.001164
-0.000178
0.000907
0.001553
0.002200
0.000237
0.000605
0.001397
0.000832
0.000843
0.001372
0.002315
0.001386
