1.000000
0.658172
0.440577
0.296834
0.201074
0.136858
0.094210
0.065937
0.044880
0.028226
0.015940
0.007137
0.000877
-0.003309
-0.005371
-0.005098
-0.005401
-0.005268
-0.005730
-0.006837
-0.006236
-0.005991
-0.003778
-0.002399
0.000259
-0.000199
-0.000139
0.000913
0.002785
0.003789
0.004880
0.005597
0.007146
0.003586
-0.000037
-0.000525
0.000324
0.001534
0.001373
0.001122
0.002562
0.001885
0.001994
0.001393
-0.000178
0.001479
0.001684
0.000215
-0.001292
-0.004678
-0.007114
-0.006215
-0.005024
-0.003126
-0.002252
-0.001001
0.000467
0.001892
0.003239
0.004715
0.004870
0.003972
0.003208
0.003452
0.003235
0.003651
0.003297
0.002250
0.001330
0.000325
0.000835
0.000476
-0.001003
-0.002653
-0.002566
-0.001542
-0.001603
0.000493
0.000220
0.000542
0.001233
0.000759
0.000957
0.001556
0.001703
0.001012
0.001899
0.002666
0.003002
0.003969
0.004849
0.005398
0.002943
0.003333
0.002569
0.000407
0.002909
0.003999
0.004246
0.005955
0.003942
0.002504
0.001398
0.000401
0.000841
0.000877
0.001371
0.003539
0.005894
0.005274
0.002568
0.000635
-0.002265
-0.004590
-0.003746
-0.004423
-0.004657
-0.003733
0.000416
0.002164
0.001666
0.002966
0.002500
0.004434
0.004653
0.006184
0.006068
0.006803
0.008363
0.007209
0.005211
0.005552
0.005995
0.004988
0.004892
0.002633
0.001706
-0.000041
-0.000273
0.000123
0.002399
0.001699
-0.000688
0.000470
-0.000990
-0.002004
-0.002253
-0.002610
-0.002082
0.001111
0.001227
0.001257
0.000336
-0.000432
0.000031
0.001599
0.002685
0.001304
0.001556
0.000308
0.000005
-0.000505
0.001573
0.004366
0.005405
0.005989
0.004852
0.003978
0.004599
0.003139
0.002205
0.001692
0.001190
0.001195
0.000824
0.001708
0.002492
0.003016
0.000703
-0.001820
-0.001131
-0.000556
0.000248
-0.000144
-0.000640
0.000158
0.001797
0.002153
0.001597
0.001185
0.001536
0.000308
-0.000510
-0.002744
-0.002390
-0.002258
-0.002727
-0.000090
0.001554
0.001210
-0.000279
-0.002209
-0.003485
-0.003465
-0.001394
0.000564
0.004555
0.006246
0.004413
0.002586
0.000381
0.002012
0.002595
0.003301
0.003858
0.002624
0.002652
0.002861
0.002603
0.001741
0.000545
-0.000015
-0.000337
0.001188
0.000365
-0.001256
-0.003207
-0.005273
-0.003526
-0.002196
-0.000943
-0.001881
-0.002244
-0.003428
-0.002691
-0.003305
-0.002240
-0.002840
-0.005589
-0.006994
-0.007508
-0.007205
-0.007516
-0.007678
-0.005325
-0.004343
-0.002592
-0.002241
-0.000274
0.000112
-0.001272
0.000339
0.002526
0.003974
0.004803
0.003824
0.003234
0.001331
-0.002353
-0.002859
-0.001076
0.000840
0.001227
0.003692
0.004007
0.001653
0.002458
0.002922
0.003355
0.005428
0.004598
0.005717
0.005153
0.004442
0.005434
0.005380
0.003904
0.002990
0.001366
0.000616
0.001812
0.003135
0.003587
0.005146
0.004819
0.004584
0.002575
0.000721
0.001014
0.000369
0.001764
-0.000038
-0.002711
-0.003378
-0.002412
-0.002019
-0.001879
-0.000731
-0.000504
-0.001083
-0.001471
0.000625
0.001177
0.002167
0.001757
0.001344
-0.002594
-0.004617
-0.004887
-0.003521
-0.003887
-0.005108
-0.005724
-0.005045
-0.006016
-0.007638
-0.008693
-0.006622
-0.007116
-0.006576
-0.005852
-0.007522
-0.007135
-0.007219
-0.006732
-0.008787
-0.008249
-0.007560
-0.007189
-0.007830
-0.008484
-0.006157
-0.002746
-0.001146
-0.000943
-0.001494
-0.003488
-0.003101
-0.000975
0.000555
0.001090
0.000865
0.000583
0.004209
0.005024
0.004182
0.001186
-0.000643
-0.000722
-0.000560
-0.002120
-0.002446
-0.000925
-0.001284
-0.002799
-0.002933
-0.001824
-0.003308
-0.005490
-0.004745
-0.002272
0.000572
0.003156
0.002587
0.002200
0.001499
0.000659
0.001182
0.000491
-0.001649
-0.002525
-0.002362
-0.003281
-0.002265
-0.001598
-0.001003
-0.000932
-0.001468
-0.002707
-0.002333
-0.002842
-0.002069
-0.003105
-0.002411
0.001226
0.004674
0.004464
0.003050
0.001633
0.000820
0.002588
0.000966
-0.000747
-0.000311
0.000621
0.001434
0.001384
-0.000051
-0.002917
-0.002272
-0.001653
-0.001165
-0.000081
-0.000330
0.000422
0.000160
0.002296
0.004622
0.003063
0.003044
0.002232
0.000855
0.002050
0.000864
-0.001337
-0.001621
-0.001624
-0.000598
-0.001742
-0.000226
0.000595
0.000001
0.000188
-0.000709
-0.000852
-0.003121
-0.004567
-0.003657
-0.002245
-0.000061
-0.000354
0.000437
0.000956
0.000559
0.000301
-0.000410
-0.000259
-0.001431
0.000390
0.001923
0.004010
0.004282
0.002455
0.002680
0.002148
0.001878
0.000447
-0.001330
-0.001656
-0.003484
-0.001638
-0.001419
0.000513
0.004132
0.005417
0.005603
0.005442
0.005737
0.003708
0.002602
0.002415
0.003547
0.004804
0.005527
0.006718
0.007394
0.007760
0.005243
0.004578
0.004777
0.001536
-0.000183
0.001248
0.002592
0.001217
0.001292
0.001700
0.002678
0.003954
0.004230
0.003997
0.004191
0.005660
0.004985
0.004952
0.006169
0.006197
0.004740
0.001424
-0.004130
-0.004020
-0.004198
-0.003285
-0.001920
-0.000666
-0.000675
-0.001166
-0.000629
-0.000172
-0.002827
-0.001956
-0.001769
-0.000636
0.001620
0.002276
0.003462
0.004152
0.003653
0.004152
0.002387
0.001622
-0.000557
-0.002308
-0.004441
-0.003134
-0.000924
-0.002228
-0.002749
-0.003895
-0.005511
-0.006299
-0.007471
-0.008179
-0.009295
-0.008950
-0.007565
-0.005492
-0.005685
-0.002834
-0.000554
0.003032
0.006828
0.008088
0.007358
0.005306
0.001841
0.000733
-0.000155
-0.000941
0.000364
0.002114
0.002234
0.001278
0.001553
0.001575
0.002109
0.003862
0.003351
0.002937
0.003914
0.004006
0.004201
0.004075
0.003037
0.004243
0.003640
0.004103
0.007493
0.010403
0.010812
0.010738
0.008670
0.007349
0.004396
0.002219
0.001235
-0.000971
0.000100
-0.000593
-0.001902
-0.003781
-0.004798
-0.005786
-0.004664
-0.004682
-0.003678
-0.003544
-0.003443
-0.002992
-0.000760
-0.001288
-0.000561
0.000043
0.001381
0.004032
0.003265
0.001587
0.001332
-0.001585
-0.001689
-0.000366
0.000015
-0.001227
-0.002295
-0.001007
-0.000298
-0.000477
-0.000235
-0.000169
-0.000321
-0.000904
-0.003129
-0.004434
-0.004497
-0.003108
-0.003347
-0.002101
-0.004469
-0.006428
-0.005936
-0.006659
-0.005811
-0.004472
-0.002079
0.001852
0.003572
0.003132
0.001895
0.001976
0.002154
0.002045
0.004041
0.006701
0.006014
0.004864
0.004788
0.005687
0.006760
0.005474
0.006512
0.001928
-0.000875
-0.001658
-0.002509
-0.001514
0.000595
0.002236
0.002446
0.002341
0.000714
-0.000027
-0.001681
-0.002317
-0.003009
-0.002920
-0.002298
-0.002247
-0.000567
-0.000512
0.001195
0.000877
-0.001807
-0.003068
-0.001940
-0.000784
0.000189
0.001629
0.002950
0.001789
0.000360
-0.001287
-0.002086
-0.002901
-0.003739
-0.000904
-0.000179
-0.000628
-0.002853
-0.005535
-0.005720
-0.003289
-0.001340
0.001004
0.000078
-0.000012
-0.001642
-0.001369
-0.001425
0.000141
0.000637
0.001209
0.001382
0.000222
0.000693
0.000308
0.000410
0.002282
0.000957
0.000526
-0.002191
-0.000847
-0.000158
0.002749
0.003656
0.003320
0.003487
0.001990
0.001028
0.001614
0.000792
0.000860
-0.000048
0.000240
0.000412
-0.000115
0.001769
0.001128
0.001542
0.001833
0.002888
0.001316
-0.000664
-0.001481
-0.001425
-0.001686
-0.001479
-0.000501
-0.000390
-0.001406
-0.001425
-0.002077
-0.002079
-0.001185
0.000772
0.002825
0.002663
0.002426
0.000655
-0.000324
0.001332
0.002398
0.002962
0.005827
0.008616
0.008152
0.006418
0.005807
0.004464
0.004683
0.004509
0.004118
0.004358
0.002799
0.001565
0.002421
0.004441
0.005216
0.006046
0.007091
0.006356
0.004507
0.003892
0.001329
0.000868
-0.000118
-0.000512
-0.000842
-0.001691
-0.002423
-0.002631
-0.000769
-0.001264
-0.000077
-0.000653
-0.000107
0.001149
0.000155
-0.001423
-0.001247
-0.001243
-0.000839
-0.000153
0.000249
0.001317
-0.000618
-0.001287
-0.001212
-0.000016
0.001711
0.000770
0.000752
0.001228
0.002238
0.000807
0.000422
0.000271
-0.002568
-0.004299
-0.005135
-0.003190
-0.003859
-0.001907
-0.001041
0.000043
0.000904
0.002509
0.001949
0.000179
-0.001781
-0.002725
-0.002433
0.000364
0.001022
-0.001318
-0.002704
-0.004861
-0.006015
-0.005632
-0.006433
-0.007187
-0.007852
-0.008640
-0.009234
-0.006817
-0.006008
-0.004831
-0.003348
-0.002377
-0.003480
-0.003775
-0.004840
-0.005474
-0.006237
-0.006151
-0.006919
-0.003905
-0.002814
-0.001887
-0.001601
-0.001490
-0.002076
0.000649
0.000831
-0.000663
-0.002013
-0.001743
-0.001109
-0.002860
-0.002452
-0.001897
-0.001938
0.000832
0.001393
-0.000805
-0.002311
-0.002234
-0.003117
-0.001997
-0.002079
-0.001977
-0.000770
0.000946
0.001091
0.000107
-0.002107
-0.003114
-0.006718
-0.007397
-0.005908
-0.003205
0.000296
0.002519
0.002404
0.002918
0.001238
-0.000012
-0.001175
-0.001996
-0.001788
-0.001583
0.000543
0.001403
0.000634
0.000983
0.000585
0.002657
0.004648
0.004843
0.003727
0.002580
0.000236
-0.002360
-0.003655
-0.002992
-0.001551
-0.000510
-0.001548
-0.000703
0.000311
0.000724
0.000352
-0.001651
-0.002366
-0.000878
-0.001608
-0.002250
0.000836
0.003244
0.004248
0.002775
0.001823
0.000518
-0.000674
-0.001129
-0.001975
-0.002830
-0.004445
-0.003833
-0.004395
-0.002968
-0.002983
-0.002854
-0.002814
-0.003249
-0.000707
0.000314
0.000620
0.002534
0.001300
-0.000666
-0.000580
0.000278
0.001125
0.000213
-0.001356
-0.002237
-0.001841
0.000291
0.001545
0.000841
-0.000459
0.001805
0.003958
0.005398
0.007135
0.006464
0.005959
0.004301
0.003575
0.003216
0.003789
0.002489
0.000874
0.000759
0.002411
0.005502
0.004883
0.000985
0.000320
0.000938
0.001946
0.001188
0.001599
0.001836
0.001986
0.001519
-0.000100
0.000146
0.000716
0.000865
-0.000443
-0.000904
-0.004022
-0.003140
-0.002653
-0.004776
-0.002609
-0.002358
-0.004200
-0.005006
-0.004558
-0.004472
-0.006170
-0.007217
-0.006241
-0.006515
-0.007716
-0.008451
-0.006167
-0.005024
-0.006206
-0.006220
-0.004280
-0.003932
-0.004073
-0.003403
-0.003740
-0.004314
-0.004156
-0.003977
-0.004057
-0.003086
-0.002281
-0.001432
-0.001754
-0.002701
-0.000825
0.000615
0.002544
0.002604
