1.000000
0.997654
0.995336
0.993038
0.990745
0.988455
0.986179
0.983929
0.981702
0.979489
0.977289
0.975103
0.972951
0.970816
0.968695
0.966596
0.964494
0.962388
0.960284
0.958172
0.956087
0.954032
0.951981
0.949919
0.947861
0.945817
0.943777
0.941738
0.939701
0.937662
0.935641
0.933616
0.931603
0.929621
0.927669
0.925745
0.923842
0.921949
0.920052
0.918175
0.916315
0.914470
0.912626
0.910793
0.908967
0.907162
0.905362
0.903539
0.901728
0.899911
0.898104
0.896290
0.894483
0.892653
0.890816
0.888999
0.887183
0.885364
0.883549
0.881754
0.879982
0.878215
0.876485
0.874765
0.873050
0.871337
0.869632
0.867938
0.866248
0.864555
0.862873
0.861194
0.859513
0.857842
0.856181
0.854526
0.852883
0.851252
0.849622
0.848004
0.846386
0.844760
0.843146
0.841558
0.839959
0.838362
0.836759
0.835166
0.833581
0.831990
0.830397
0.828790
0.827190
0.825583
0.823981
0.822388
0.820792
0.819206
0.817626
0.816048
0.814470
0.812897
0.811323
0.809766
0.808216
0.806675
0.805124
0.803588
0.802067
0.800549
0.799035
0.797525
0.796029
0.794543
0.793065
0.791596
0.790141
0.788703
0.787270
0.785813
0.784369
0.782939
0.781499
0.780070
0.778646
0.777237
0.775809
0.774386
0.772962
0.771528
0.770088
0.768655
0.767243
0.765847
0.764451
0.763081
0.761737
0.760411
0.759104
0.757776
0.756469
0.755177
0.753889
0.752608
0.751335
0.750055
0.748799
0.747561
0.746289
0.745021
0.743759
0.742499
0.741235
0.739966
0.738699
0.737440
0.736199
0.734962
0.733727
0.732502
0.731303
0.730111
0.728924
0.727738
0.726560
0.725374
0.724190
0.723024
0.721856
0.720688
0.719516
0.718316
0.717117
0.715919
0.714738
0.713551
0.712354
0.711142
0.709905
0.708677
0.707441
0.706217
0.704990
0.703761
0.702532
0.701312
0.700102
0.698923
0.697753
0.696586
0.695422
0.694258
0.693081
0.691907
0.690732
0.689577
0.688430
0.687262
0.686083
0.684897
0.683723
0.682544
0.681380
0.680216
0.679063
0.677919
0.676784
0.675657
0.674531
0.673405
0.672301
0.671197
0.670100
0.669004
0.667917
0.666840
0.665751
0.664649
0.663535
0.662440
0.661347
0.660222
0.659103
0.657987
0.656863
0.655721
0.654588
0.653479
0.652375
0.651269
0.650176
0.649082
0.647976
0.646863
0.645760
0.644662
0.643554
0.642442
0.641331
0.640213
0.639095
0.637992
0.636895
0.635808
0.634737
0.633670
0.632613
0.631545
0.630448
0.629356
0.628277
0.627211
0.626139
0.625064
0.623996
0.622927
0.621861
0.620776
0.619683
0.618597
0.617519
0.616440
0.615349
0.614240
0.613127
0.612026
0.610922
0.609839
0.608760
0.607647
0.606535
0.605424
0.604305
0.603202
0.602107
0.601000
0.599904
0.598814
0.597717
0.596615
0.595528
0.594445
0.593345
0.592238
0.591144
0.590041
0.588930
0.587826
0.586733
0.585648
0.584560
0.583491
0.582420
0.581337
0.580276
0.579224
0.578175
0.577151
0.576148
0.575131
0.574126
0.573128
0.572120
0.571109
0.570133
0.569165
0.568191
0.567243
0.566285
0.565320
0.564360
0.563408
0.562454
0.561508
0.560564
0.559625
0.558693
0.557752
0.556811
0.555877
0.554928
0.553977
0.553029
0.552073
0.551116
0.550183
0.549257
0.548336
0.547420
0.546503
0.545578
0.544652
0.543733
0.542829
0.541938
0.541039
0.540147
0.539262
0.538379
0.537501
0.536627
0.535751
0.534870
0.533989
0.533114
0.532254
0.531393
0.530542
0.529685
0.528826
0.527979
0.527116
0.526251
0.525397
0.524538
0.523700
0.522876
0.522066
0.521270
0.520473
0.519683
0.518895
0.518119
0.517345
0.516591
0.515829
0.515059
0.514273
0.513509
0.512756
0.512001
0.511259
0.510509
0.509754
0.509001
0.508253
0.507511
0.506767
0.506035
0.505296
0.504549
0.503816
0.503103
0.502400
0.501717
0.501034
0.500370
0.499710
0.499059
0.498413
0.497760
0.497100
0.496434
0.495760
0.495084
0.494411
0.493752
0.493075
0.492385
0.491692
0.490988
0.490292
0.489612
0.488944
0.488268
0.487588
0.486911
0.486223
0.485517
0.484801
0.484087
0.483373
0.482652
0.481949
0.481240
0.480538
0.479808
0.479101
0.478378
0.477642
0.476907
0.476162
0.475415
0.474678
0.473943
0.473226
0.472506
0.471778
0.471053
0.470315
0.469586
0.468844
0.468115
0.467398
0.466701
0.466008
0.465308
0.464604
0.463902
0.463215
0.462522
0.461839
0.461165
0.460472
0.459779
0.459079
0.458377
0.457696
0.457034
0.456374
0.455730
0.455071
0.454418
0.453770
0.453135
0.452497
0.451870
0.451245
0.450640
0.450035
0.449430
0.448820
0.448220
0.447620
0.447004
0.446364
0.445733
0.445124
0.444527
0.443935
0.443349
0.442751
0.442141
0.441537
0.440929
0.440306
0.439701
0.439093
0.438475
0.437873
0.437268
0.436657
0.436045
0.435437
0.434832
0.434216
0.433597
0.432974
0.432345
0.431738
0.431123
0.430507
0.429902
0.429305
0.428706
0.428102
0.427496
0.426882
0.426272
0.425659
0.425047
0.424454
0.423873
0.423290
0.422697
0.422086
0.421474
0.420850
0.420244
0.419644
0.419050
0.418471
0.417894
0.417331
0.416761
0.416206
0.415644
0.415098
0.414561
0.414036
0.413512
0.412969
0.412442
0.411921
0.411407
0.410889
0.410373
0.409865
0.409354
0.408847
0.408346
0.407852
0.407339
0.406834
0.406326
0.405824
0.405316
0.404811
0.404324
0.403846
0.403351
0.402844
0.402355
0.401882
0.401428
0.400982
0.400552
0.400109
0.399687
0.399266
0.398841
0.398415
0.397990
0.397565
0.397120
0.396669
0.396207
0.395751
0.395292
0.394835
0.394363
0.393888
0.393418
0.392938
0.392468
0.392008
0.391558
0.391101
0.390656
0.390207
0.389761
0.389312
0.388861
0.388431
0.387977
0.387510
0.387035
0.386553
0.386086
0.385618
0.385127
0.384619
0.384131
0.383639
0.383175
0.382726
0.382297
0.381880
0.381474
0.381083
0.380690
0.380300
0.379910
0.379537
0.379154
0.378763
0.378395
0.378019
0.377652
0.377297
0.376955
0.376621
0.376298
0.375965
0.375633
0.375315
0.374990
0.374663
0.374347
0.374046
0.373755
0.373469
0.373180
0.372874
0.372571
0.372281
0.371988
0.371695
0.371407
0.371130
0.370864
0.370612
0.370357
0.370106
0.369845
0.369586
0.369331
0.369085
0.368856
0.368620
0.368377
0.368100
0.367834
0.367563
0.367286
0.367022
0.366750
0.366491
0.366221
0.365955
0.365701
0.365423
0.365135
0.364858
0.364564
0.364273
0.363978
0.363679
0.363383
0.363097
0.362808
0.362507
0.362196
0.361883
0.361566
0.361259
0.360952
0.360636
0.360314
0.359988
0.359650
0.359320
0.358972
0.358634
0.358291
0.357952
0.357617
0.357288
0.356944
0.356603
0.356242
0.355884
0.355530
0.355171
0.354814
0.354456
0.354105
0.353753
0.353386
0.353013
0.352636
0.352276
0.351915
0.351542
0.351150
0.350756
0.350362
0.349979
0.349617
0.349272
0.348937
0.348588
0.348222
0.347866
0.347509
0.347132
0.346753
0.346372
0.345998
0.345637
0.345276
0.344912
0.344553
0.344190
0.343815
0.343431
0.343048
0.342673
0.342293
0.341916
0.341541
0.341161
0.340766
0.340386
0.339993
0.339595
0.339168
0.338735
0.338297
0.337850
0.337406
0.336954
0.336486
0.336001
0.335511
0.335007
0.334519
0.334027
0.333530
0.333012
0.332505
0.332011
0.331513
0.331012
0.330493
0.329982
0.329483
0.328980
0.328471
0.327979
0.327489
0.327008
0.326511
0.326005
0.325492
0.324963
0.324407
0.323846
0.323267
0.322690
0.322112
0.321543
0.320994
0.320452
0.319921
0.319398
0.318878
0.318355
0.317844
0.317332
0.316823
0.316340
0.315845
0.315361
0.314875
0.314397
0.313936
0.313488
0.313047
0.312584
0.312115
0.311653
0.311181
0.310700
0.310220
0.309737
0.309247
0.308757
0.308260
0.307766
0.307286
0.306812
0.306359
0.305897
0.305448
0.305008
0.304575
0.304153
0.303727
0.303307
0.302895
0.302487
0.302087
0.301698
0.301307
0.300898
0.300494
0.300096
0.299712
0.299314
0.298926
0.298535
0.298145
0.297758
0.297367
0.296969
0.296571
0.296170
0.295789
0.295422
0.295061
0.294695
0.294332
0.293958
0.293587
0.293208
0.292832
0.292455
0.292070
0.291695
0.291332
0.290991
0.290656
0.290322
0.289993
0.289656
0.289328
0.289009
0.288689
0.288365
0.288047
0.287749
0.287438
0.287123
0.286798
0.286470
0.286152
0.285833
0.285512
0.285188
0.284879
0.284574
0.284262
0.283952
0.283646
0.283357
0.283081
0.282819
0.282556
0.282300
0.282044
0.281798
0.281552
0.281329
0.281093
0.280870
0.280642
0.280415
0.280203
0.279996
0.279783
0.279566
0.279338
0.279094
0.278861
0.278616
0.278371
0.278123
0.277869
0.277616
0.277360
0.277094
0.276825
0.276554
0.276289
0.276033
0.275785
0.275524
0.275281
0.275052
0.274815
0.274570
0.274331
0.274079
0.273828
0.273581
0.273353
0.273112
0.272864
0.272613
0.272376
0.272121
0.271843
0.271549
0.271232
0.270905
0.270586
0.270268
0.269934
0.269603
0.269260
0.268933
0.268606
0.268284
0.267959
0.267645
0.267337
0.267048
0.266752
0.266450
0.266143
0.265855
0.265563
0.265267
0.264974
0.264669
0.264370
0.264092
0.263794
0.263486
0.263171
0.262855
0.262519
0.262183
0.261849
0.261511
0.261196
0.260889
0.260577
0.260240
0.259907
0.259571
0.259231
0.258901
0.258565
0.258242
0.257918
0.257603
0.257286
0.256977
0.256675
0.256388
0.256088
0.255795
0.255502
0.255219
0.254927
0.254646
0.254355
0.254066
0.253775
0.253464
0.253140
0.252805
0.252491
0.252168
0.251843
0.251521
0.251210
0.250888
0.250575
0.250256
0.249939
0.249622
0.249291
0.248955
0.248621
0.248291
0.247966
0.247628
0.247297
0.246979
0.246645
0.246333
0.246002
0.245680
0.245362
0.245034
0.244714
0.244389
0.244072
0.243752
0.243425
0.243098
0.242762
0.242454
0.242128
0.241800
0.241458
0.241119
0.240791
0.240482
0.240175
0.239867
0.239542
0.239207
0.238878
0.238545
0.238206
0.237880
