1.000000
0.999531
0.999064
0.998599
0.998136
0.997678
0.997220
0.996768
0.996320
0.995875
0.995434
0.994994
0.994552
0.994104
0.993655
0.993204
0.992755
0.992302
0.991854
0.991412
0.990972
0.990529
0.990088
0.989649
0.989208
0.988768
0.988330
0.987895
0.987464
0.987034
0.986603
0.986175
0.985750
0.985324
0.984898
0.984475
0.984051
0.983628
0.983207
0.982788
0.982371
0.981953
0.981536
0.981122
0.980712
0.980306
0.979901
0.979497
0.979090
0.978680
0.978269
0.977859
0.977452
0.977044
0.976639
0.976234
0.975827
0.975415
0.975004
0.974598
0.974188
0.973776
0.973364
0.972955
0.972547
0.972141
0.971733
0.971324
0.970913
0.970505
0.970096
0.969681
0.969269
0.968860
0.968454
0.968050
0.967646
0.967240
0.966835
0.966427
0.966019
0.965608
0.965201
0.964795
0.964391
0.963988
0.963587
0.963187
0.962785
0.962386
0.961985
0.961582
0.961179
0.960775
0.960374
0.959978
0.959582
0.959187
0.958795
0.958401
0.958010
0.957618
0.957229
0.956839
0.956451
0.956063
0.955672
0.955285
0.954900
0.954514
0.954126
0.953734
0.953343
0.952955
0.952568
0.952179
0.951789
0.951401
0.951012
0.950623
0.950234
0.949845
0.949460
0.949074
0.948692
0.948313
0.947935
0.947559
0.947185
0.946809
0.946435
0.946060
0.945686
0.945310
0.944932
0.944552
0.944174
0.943794
0.943420
0.943048
0.942674
0.942299
0.941927
0.941555
0.941184
0.940816
0.940448
0.940080
0.939712
0.939347
0.938982
0.938613
0.938244
0.937879
0.937514
0.937151
0.936784
0.936417
0.936049
0.935682
0.935313
0.934944
0.934575
0.934211
0.933846
0.933477
0.933108
0.932741
0.932374
0.932007
0.931641
0.931276
0.930913
0.930551
0.930187
0.929823
0.929460
0.929099
0.928739
0.928380
0.928024
0.927667
0.927307
0.926948
0.926588
0.926226
0.925866
0.925505
0.925147
0.924788
0.924429
0.924073
0.923718
0.923364
0.923014
0.922664
0.922311
0.921962
0.921618
0.921274
0.920931
0.920588
0.920246
0.919904
0.919562
0.919219
0.918876
0.918535
0.918195
0.917856
0.917521
0.917187
0.916856
0.916522
0.916190
0.915859
0.915528
0.915199
0.914868
0.914533
0.914198
0.913864
0.913528
0.913192
0.912856
0.912520
0.912182
0.911846
0.911510
0.911175
0.910841
0.910512
0.910180
0.909850
0.909518
0.909182
0.908850
0.908521
0.908189
0.907860
0.907535
0.907210
0.906886
0.906560
0.906231
0.905904
0.905578
0.905253
0.904929
0.904610
0.904288
0.903967
0.903649
0.903329
0.903009
0.902690
0.902372
0.902051
0.901729
0.901409
0.901087
0.900768
0.900449
0.900126
0.899803
0.899479
0.899151
0.898824
0.898497
0.898173
0.897845
0.897519
0.897196
0.896872
0.896547
0.896225
0.895900
0.895574
0.895247
0.894921
0.894595
0.894270
0.893944
0.893618
0.893288
0.892959
0.892629
0.892301
0.891974
0.891649
0.891327
0.891002
0.890679
0.890355
0.890032
0.889709
0.889385
0.889060
0.888736
0.888412
0.888085
0.887757
0.887428
0.887101
0.886771
0.886442
0.886110
0.885784
0.885458
0.885128
0.884799
0.884469
0.884139
0.883806
0.883473
0.883142
0.882812
0.882482
0.882153
0.881828
0.881503
0.881179
0.880854
0.880531
0.880208
0.879887
0.879565
0.879243
0.878924
0.878604
0.878280
0.877954
0.877627
0.877294
0.876959
0.876624
0.876289
0.875954
0.875618
0.875280
0.874941
0.874600
0.874262
0.873926
0.873595
0.873262
0.872932
0.872601
0.872275
0.871950
0.871628
0.871309
0.870991
0.870673
0.870354
0.870035
0.869714
0.869394
0.869077
0.868762
0.868449
0.868138
0.867827
0.867519
0.867212
0.866906
0.866604
0.866304
0.866006
0.865706
0.865410
0.865112
0.864815
0.864519
0.864227
0.863935
0.863643
0.863354
0.863067
0.862782
0.862498
0.862212
0.861925
0.861635
0.861351
0.861063
0.860778
0.860490
0.860198
0.859910
0.859622
0.859331
0.859042
0.858752
0.858466
0.858182
0.857899
0.857614
0.857332
0.857053
0.856775
0.856496
0.856220
0.855942
0.855662
0.855380
0.855098
0.854819
0.854541
0.854265
0.853989
0.853715
0.853442
0.853170
0.852895
0.852622
0.852351
0.852082
0.851814
0.851543
0.851272
0.851003
0.850737
0.850468
0.850197
0.849925
0.849652
0.849381
0.849106
0.848833
0.848560
0.848289
0.848017
0.847747
0.847478
0.847208
0.846939
0.846672
0.846408
0.846143
0.845878
0.845616
0.845353
0.845091
0.844830
0.844572
0.844314
0.844057
0.843803
0.843548
0.843293
0.843038
0.842785
0.842533
0.842282
0.842033
0.841783
0.841536
0.841288
0.841039
0.840794
0.840547
0.840300
0.840054
0.839808
0.839568
0.839326
0.839085
0.838845
0.838606
0.838370
0.838133
0.837893
0.837653
0.837414
0.837176
0.836938
0.836699
0.836459
0.836221
0.835983
0.835747
0.835511
0.835272
0.835036
0.834800
0.834564
0.834329
0.834097
0.833862
0.833628
0.833394
0.833162
0.832930
0.832699
0.832465
0.832231
0.831997
0.831761
0.831526
0.831288
0.831049
0.830810
0.830570
0.830330
0.830094
0.829858
0.829623
0.829389
0.829153
0.828921
0.828690
0.828461
0.828229
0.827996
0.827761
0.827525
0.827286
0.827046
0.826803
0.826562
0.826322
0.826084
0.825846
0.825603
0.825360
0.825116
0.824874
0.824635
0.824394
0.824153
0.823910
0.823669
0.823429
0.823192
0.822952
0.822715
0.822471
0.822225
0.821978
0.821732
0.821482
0.821230
0.820978
0.820728
0.820480
0.820230
0.819987
0.819747
0.819510
0.819274
0.819035
0.818795
0.818560
0.818327
0.818093
0.817860
0.817631
0.817404
0.817179
0.816951
0.816721
0.816492
0.816266
0.816041
0.815815
0.815590
0.815364
0.815138
0.814912
0.814683
0.814450
0.814217
0.813986
0.813756
0.813524
0.813293
0.813059
0.812828
0.812602
0.812380
0.812160
0.811942
0.811726
0.811513
0.811300
0.811086
0.810875
0.810665
0.810453
0.810239
0.810028
0.809818
0.809607
0.809397
0.809188
0.808979
0.808770
0.808560
0.808351
0.808140
0.807929
0.807717
0.807505
0.807292
0.807081
0.806872
0.806658
0.806442
0.806231
0.806022
0.805816
0.805611
0.805409
0.805209
0.805012
0.804814
0.804610
0.804406
0.804202
0.803999
0.803794
0.803590
0.803386
0.803183
0.802980
0.802775
0.802571
0.802363
0.802155
0.801946
0.801740
0.801535
0.801333
0.801133
0.800935
0.800736
0.800534
0.800330
0.800125
0.799919
0.799715
0.799515
0.799314
0.799116
0.798923
0.798733
0.798545
0.798356
0.798167
0.797979
0.797793
0.797605
0.797415
0.797229
0.797042
0.796854
0.796666
0.796476
0.796284
0.796093
0.795900
0.795703
0.795507
0.795314
0.795124
0.794935
0.794745
0.794556
0.794370
0.794185
0.793998
0.793810
0.793621
0.793434
0.793250
0.793067
0.792886
0.792701
0.792517
0.792331
0.792144
0.791956
0.791771
0.791587
0.791401
0.791215
0.791027
0.790838
0.790647
0.790459
0.790270
0.790083
0.789894
0.789705
0.789511
0.789321
0.789131
0.788941
0.788756
0.788575
0.788390
0.788205
0.788019
0.787829
0.787641
0.787454
0.787265
0.787073
0.786879
0.786686
0.786495
0.786306
0.786119
0.785930
0.785740
0.785551
0.785361
0.785167
0.784971
0.784779
0.784588
0.784400
0.784213
0.784023
0.783835
0.783646
0.783454
0.783260
0.783069
0.782878
0.782689
0.782497
0.782301
0.782107
0.781916
0.781725
0.781534
0.781340
0.781149
0.780957
0.780763
0.780569
0.780376
0.780181
0.779985
0.779790
0.779596
0.779403
0.779207
0.779016
0.778826
0.778636
0.778440
0.778248
0.778054
0.777866
0.777678
0.777486
0.777293
0.777102
0.776909
0.776717
0.776527
0.776338
0.776149
0.775960
0.775774
0.775588
0.775403
0.775216
0.775027
0.774838
0.774647
0.774454
0.774260
0.774067
0.773870
0.773675
0.773483
0.773293
0.773103
0.772914
0.772727
0.772542
0.772355
0.772168
0.771981
0.771798
0.771618
0.771439
0.771260
0.771083
0.770905
0.770729
0.770549
0.770371
0.770196
0.770021
0.769849
0.769679
0.769505
0.769329
0.769148
0.768969
0.768789
0.768608
0.768426
0.768245
0.768064
0.767885
0.767704
0.767521
0.767339
0.767154
0.766972
0.766786
0.766602
0.766416
0.766232
0.766048
0.765862
0.765677
0.765488
0.765297
0.765102
0.764907
0.764712
0.764517
0.764324
0.764135
0.763942
0.763751
0.763561
0.763371
0.763182
0.762990
0.762797
0.762606
0.762416
0.762224
0.762029
0.761832
0.761636
0.761440
0.761243
0.761047
0.760851
0.760655
0.760458
0.760259
0.760061
0.759861
0.759661
0.759461
0.759263
0.759065
0.758871
0.758676
0.758483
0.758291
0.758097
0.757907
0.757719
0.757527
0.757335
0.757141
0.756948
0.756756
0.756568
0.756378
0.756187
0.755996
0.755810
0.755624
0.755439
0.755250
0.755055
0.754860
0.754670
0.754479
0.754290
0.754100
0.753913
0.753725
0.753534
0.753347
0.753161
0.752972
0.752787
0.752601
0.752415
0.752226
0.752037
0.751847
0.751657
0.751465
0.751274
0.751084
0.750894
0.750706
0.750516
0.750324
0.750127
0.749931
0.749731
0.749533
0.749335
0.749131
0.748930
0.748727
0.748526
0.748321
0.748119
0.747915
0.747712
0.747505
0.747300
0.747091
0.746882
0.746673
0.746462
0.746255
0.746049
0.745844
0.745639
0.745433
0.745224
0.745018
0.744809
0.744600
0.744389
0.744181
0.743969
0.743758
0.743548
0.743338
0.743124
0.742910
0.742698
0.742485
0.742272
0.742060
0.741846
0.741635
0.741427
0.741217
0.741007
0.740797
0.740585
0.740374
0.740164
0.739953
0.739746
0.739539
0.739338
0.739136
0.738933
0.738729
0.738526
0.738326
0.738126
0.737931
0.737736
0.737542
0.737347
0.737150
0.736952
0.736754
0.736558
0.736363
0.736169
0.735973
0.735775
0.735578
0.735383
0.735188
0.734990
0.734790
0.734586
0.734384
0.734184
0.733984
0.733785
0.733587
0.733390
0.733193
0.732995
0.732800
0.732603
0.732408
0.732210
0.732013
0.731817
0.731618
0.731417
0.731217
0.731017
0.730816
0.730613
