1.000000
0.998664
0.997334
0.996006
0.994685
0.993382
0.992074
0.990767
0.989461
0.988158
0.986862
0.985567
0.984277
0.982997
0.981721
0.980444
0.979172
0.977907
0.976657
0.975404
0.974152
0.972895
0.971657
0.970420
0.969186
0.967959
0.966739
0.965521
0.964304
0.963085
0.961856
0.960633
0.959412
0.958198
0.956988
0.955787
0.954588
0.953395
0.952210
0.951031
0.949856
0.948688
0.947522
0.946356
0.945206
0.944051
0.942894
0.941722
0.940552
0.939387
0.938230
0.937080
0.935931
0.934783
0.933643
0.932519
0.931399
0.930290
0.929186
0.928087
0.926989
0.925887
0.924781
0.923681
0.922593
0.921509
0.920427
0.919344
0.918262
0.917192
0.916125
0.915063
0.914004
0.912951
0.911906
0.910862
0.909822
0.908782
0.907743
0.906714
0.905686
0.904664
0.903643
0.902638
0.901639
0.900642
0.899650
0.898668
0.897678
0.896698
0.895708
0.894715
0.893729
0.892746
0.891760
0.890777
0.889789
0.888801
0.887816
0.886830
0.885845
0.884858
0.883881
0.882910
0.881942
0.880978
0.880007
0.879032
0.878069
0.877113
0.876156
0.875209
0.874271
0.873339
0.872424
0.871515
0.870609
0.869698
0.868792
0.867886
0.866988
0.866096
0.865211
0.864323
0.863440
0.862553
0.861667
0.860774
0.859878
0.858976
0.858078
0.857178
0.856288
0.855401
0.854509
0.853623
0.852722
0.851824
0.850926
0.850028
0.849137
0.848248
0.847368
0.846493
0.845611
0.844730
0.843856
0.842992
0.842120
0.841252
0.840379
0.839508
0.838644
0.837776
0.836914
0.836055
0.835191
0.834331
0.833461
0.832591
0.831716
0.830834
0.829964
0.829102
0.828242
0.827395
0.826555
0.825715
0.824884
0.824057
0.823247
0.822440
0.821636
0.820853
0.820073
0.819293
0.818514
0.817732
0.816953
0.816184
0.815427
0.814663
0.813905
0.813148
0.812391
0.811652
0.810914
0.810172
0.809429
0.808686
0.807943
0.807203
0.806473
0.805742
0.805004
0.804266
0.803535
0.802801
0.802069
0.801337
0.800603
0.799868
0.799127
0.798383
0.797638
0.796905
0.796188
0.795478
0.794773
0.794071
0.793366
0.792654
0.791955
0.791259
0.790554
0.789856
0.789151
0.788447
0.787741
0.787035
0.786333
0.785651
0.784969
0.784286
0.783603
0.782914
0.782218
0.781512
0.780806
0.780095
0.779394
0.778687
0.777989
0.777286
0.776591
0.775894
0.775190
0.774495
0.773798
0.773106
0.772414
0.771718
0.771019
0.770328
0.769633
0.768941
0.768251
0.767559
0.766878
0.766203
0.765533
0.764861
0.764188
0.763518
0.762850
0.762186
0.761529
0.760873
0.760228
0.759593
0.758955
0.758316
0.757686
0.757059
0.756422
0.755784
0.755142
0.754505
0.753869
0.753230
0.752588
0.751944
0.751307
0.750669
0.750022
0.749383
0.748747
0.748111
0.747488
0.746858
0.746226
0.745601
0.744983
0.744362
0.743739
0.743113
0.742495
0.741872
0.741264
0.740657
0.740043
0.739427
0.738803
0.738176
0.737549
0.736918
0.736281
0.735641
0.735013
0.734389
0.733776
0.733156
0.732546
0.731937
0.731338
0.730735
0.730126
0.729518
0.728917
0.728312
0.727720
0.727108
0.726489
0.725874
0.725265
0.724655
0.724049
0.723443
0.722832
0.722221
0.721601
0.720976
0.720347
0.719718
0.719091
0.718459
0.717824
0.717191
0.716561
0.715928
0.715294
0.714659
0.714025
0.713393
0.712768
0.712131
0.711494
0.710859
0.710232
0.709606
0.708988
0.708368
0.707758
0.707157
0.706563
0.705957
0.705356
0.704750
0.704146
0.703539
0.702939
0.702340
0.701746
0.701158
0.700570
0.699974
0.699387
0.698798
0.698203
0.697618
0.697032
0.696442
0.695858
0.695276
0.694692
0.694103
0.693508
0.692913
0.692311
0.691711
0.691107
0.690507
0.689902
0.689290
0.688675
0.688062
0.687453
0.686835
0.686209
0.685578
0.684946
0.684324
0.683695
0.683063
0.682439
0.681809
0.681178
0.680540
0.679899
0.679255
0.678624
0.677995
0.677365
0.676737
0.676106
0.675473
0.674840
0.674202
0.673568
0.672939
0.672326
0.671708
0.671098
0.670493
0.669906
0.669317
0.668729
0.668148
0.667573
0.667001
0.666418
0.665843
0.665256
0.664669
0.664080
0.663486
0.662898
0.662314
0.661729
0.661133
0.660534
0.659943
0.659354
0.658777
0.658204
0.657627
0.657053
0.656472
0.655886
0.655307
0.654726
0.654131
0.653536
0.652938
0.652344
0.651748
0.651158
0.650568
0.649985
0.649400
0.648820
0.648243
0.647654
0.647069
0.646483
0.645900
0.645324
0.644737
0.644146
0.643553
0.642958
0.642367
0.641772
0.641180
0.640580
0.639969
0.639363
0.638747
0.638123
0.637491
0.636850
0.636199
0.635543
0.634894
0.634255
0.633621
0.632988
0.632363
0.631740
0.631125
0.630510
0.629894
0.629278
0.628663
0.628046
0.627430
0.626821
0.626215
0.625604
0.624991
0.624374
0.623764
0.623156
0.622548
0.621944
0.621341
0.620726
0.620114
0.619496
0.618889
0.618277
0.617674
0.617077
0.616493
0.615906
0.615333
0.614763
0.614196
0.613632
0.613074
0.612516
0.611953
0.611392
0.610838
0.610284
0.609739
0.609204
0.608676
0.608144
0.607613
0.607070
0.606531
0.605990
0.605457
0.604927
0.604398
0.603878
0.603364
0.602845
0.602325
0.601796
0.601261
0.600720
0.600178
0.599632
0.599088
0.598553
0.598024
0.597496
0.596979
0.596470
0.595955
0.595448
0.594947
0.594448
0.593958
0.593468
0.592986
0.592501
0.592023
0.591539
0.591049
0.590572
0.590102
0.589640
0.589174
0.588705
0.588236
0.587776
0.587317
0.586863
0.586407
0.585952
0.585491
0.585028
0.584564
0.584104
0.583650
0.583198
0.582746
0.582294
0.581853
0.581414
0.580972
0.580524
0.580068
0.579616
0.579162
0.578708
0.578252
0.577800
0.577345
0.576891
0.576438
0.575995
0.575553
0.575105
0.574661
0.574221
0.573789
0.573359
0.572918
0.572479
0.572036
0.571593
0.571150
0.570713
0.570273
0.569835
0.569396
0.568958
0.568535
0.568110
0.567688
0.567268
0.566843
0.566427
0.566013
0.565606
0.565210
0.564813
0.564424
0.564034
0.563650
0.563278
0.562910
0.562543
0.562167
0.561792
0.561427
0.561062
0.560704
0.560341
0.559978
0.559618
0.559256
0.558904
0.558545
0.558191
0.557827
0.557452
0.557078
0.556708
0.556339
0.555965
0.555592
0.555223
0.554852
0.554479
0.554103
0.553722
0.553348
0.552978
0.552607
0.552232
0.551857
0.551481
0.551106
0.550727
0.550357
0.549979
0.549598
0.549223
0.548852
0.548483
0.548119
0.547763
0.547409
0.547054
0.546705
0.546368
0.546023
0.545682
0.545341
0.545011
0.544672
0.544324
0.543980
0.543637
0.543290
0.542936
0.542574
0.542210
0.541843
0.541473
0.541108
0.540736
0.540355
0.539963
0.539568
0.539181
0.538807
0.538427
0.538050
0.537667
0.537288
0.536914
0.536549
0.536188
0.535827
0.535458
0.535099
0.534736
0.534366
0.533996
0.533620
0.533237
0.532850
0.532454
0.532063
0.531682
0.531305
0.530925
0.530540
0.530155
0.529776
0.529398
0.529026
0.528663
0.528304
0.527947
0.527577
0.527209
0.526838
0.526485
0.526129
0.525774
0.525427
0.525074
0.524724
0.524379
0.524032
0.523690
0.523348
0.523002
0.522665
0.522321
0.521987
0.521648
0.521308
0.520970
0.520617
0.520262
0.519900
0.519543
0.519187
0.518825
0.518471
0.518124
0.517766
0.517401
0.517020
0.516642
0.516256
0.515887
0.515527
0.515173
0.514814
0.514452
0.514077
0.513699
0.513325
0.512958
0.512587
0.512219
0.511836
0.511454
0.511073
0.510694
0.510312
0.509932
0.509551
0.509168
0.508794
0.508423
0.508045
0.507663
0.507281
0.506890
0.506501
0.506123
0.505753
0.505381
0.505022
0.504656
0.504288
0.503924
0.503562
0.503186
0.502815
0.502446
0.502081
0.501709
0.501333
0.500963
0.500581
0.500201
0.499805
0.499406
0.499009
0.498613
0.498224
0.497846
0.497452
0.497057
0.496663
0.496263
0.495863
0.495462
0.495061
0.494654
0.494246
0.493838
0.493436
0.493047
0.492657
0.492252
0.491849
0.491443
0.491038
0.490633
0.490233
0.489821
0.489405
0.488980
0.488553
0.488134
0.487716
0.487293
0.486870
0.486447
0.486031
0.485618
0.485215
0.484802
0.484397
0.483980
0.483563
0.483145
0.482721
0.482297
0.481872
0.481459
0.481051
0.480645
0.480256
0.479875
0.479496
0.479117
0.478740
0.478370
0.478010
0.477644
0.477279
0.476913
0.476543
0.476157
0.475775
0.475397
0.475026
0.474663
0.474289
0.473910
0.473534
0.473149
0.472747
0.472342
0.471939
0.471535
0.471130
0.470738
0.470349
0.469960
0.469570
0.469193
0.468809
0.468425
0.468042
0.467666
0.467288
0.466913
0.466536
0.466161
0.465782
0.465402
0.465031
0.464658
0.464280
0.463900
0.463524
0.463148
0.462780
0.462413
0.462047
0.461688
0.461335
0.460985
0.460634
0.460284
0.459923
0.459559
0.459198
0.458837
0.458476
0.458107
0.457735
0.457361
0.456999
0.456634
0.456278
0.455930
0.455587
0.455247
0.454919
0.454593
0.454260
0.453933
0.453607
0.453280
0.452957
0.452646
0.452336
0.452021
0.451709
0.451379
0.451056
0.450730
0.450403
0.450076
0.449749
0.449418
0.449088
0.448759
0.448437
0.448118
0.447808
0.447497
0.447190
0.446880
0.446570
0.446269
0.445977
0.445682
0.445384
0.445086
0.444776
0.444458
0.444131
0.443803
0.443468
0.443134
0.442790
0.442446
0.442101
0.441756
0.441415
0.441080
0.440751
0.440416
0.440074
0.439731
0.439398
0.439062
0.438727
0.438393
0.438063
0.437737
0.437414
0.437090
0.436772
0.436457
0.436152
0.435838
0.435519
0.435218
0.434910
0.434600
0.434295
0.433987
0.433674
0.433360
0.433036
0.432714
0.432386
0.432060
0.431734
0.431408
0.431078
0.430745
0.430412
0.430071
0.429736
0.429403
0.429065
0.428737
0.428412
0.428085
0.427752
0.427419
0.427083
0.426747
0.426408
0.426073
0.425748
0.425416
0.425079
0.424743
0.424404
0.424059
0.423701
0.423349
0.422989
0.422624
0.422260
0.421899
0.421533
0.421166
0.420794
0.420426
0.420062
