1.000000
0.993876
0.987872
0.981957
0.976108
0.970314
0.964550
0.958822
0.953144
0.947497
0.941926
0.936390
0.930936
0.925540
0.920186
0.914885
0.909652
0.904429
0.899286
0.894174
0.889127
0.884151
0.879190
0.874215
0.869305
0.864433
0.859574
0.854723
0.849919
0.845203
0.840487
0.835816
0.831181
0.826637
0.822104
0.817647
0.813227
0.808878
0.804606
0.800406
0.796192
0.792017
0.787853
0.783731
0.779639
0.775563
0.771553
0.767572
0.763640
0.759767
0.755859
0.752028
0.748253
0.744466
0.740679
0.736941
0.733253
0.729563
0.725915
0.722331
0.718767
0.715233
0.711703
0.708238
0.704740
0.701218
0.697702
0.694185
0.690717
0.687218
0.683734
0.680301
0.676861
0.673470
0.670100
0.666722
0.663382
0.660072
0.656792
0.653554
0.650346
0.647143
0.643997
0.640846
0.637701
0.634597
0.631539
0.628519
0.625512
0.622482
0.619458
0.616483
0.613530
0.610581
0.607688
0.604820
0.601976
0.599146
0.596344
0.593559
0.590815
0.588062
0.585265
0.582488
0.579782
0.577088
0.574414
0.571785
0.569134
0.566458
0.563825
0.561197
0.558520
0.555825
0.553171
0.550486
0.547816
0.545141
0.542477
0.539865
0.537289
0.534729
0.532206
0.529689
0.527167
0.524668
0.522183
0.519753
0.517349
0.514973
0.512619
0.510304
0.508025
0.505797
0.503579
0.501379
0.499157
0.496940
0.494763
0.492598
0.490453
0.488309
0.486183
0.484113
0.482096
0.480096
0.478098
0.476131
0.474181
0.472194
0.470208
0.468236
0.466291
0.464354
0.462415
0.460532
0.458686
0.456878
0.455083
0.453307
0.451527
0.449733
0.447966
0.446192
0.444426
0.442646
0.440920
0.439241
0.437563
0.435971
0.434386
0.432822
0.431253
0.429724
0.428211
0.426650
0.425098
0.423555
0.422038
0.420520
0.419039
0.417588
0.416116
0.414678
0.413240
0.411747
0.410291
0.408844
0.407356
0.405888
0.404425
0.402980
0.401505
0.400009
0.398511
0.397030
0.395563
0.394120
0.392702
0.391309
0.389921
0.388540
0.387182
0.385767
0.384313
0.382898
0.381491
0.380092
0.378754
0.377363
0.375962
0.374562
0.373200
0.371864
0.370530
0.369237
0.367954
0.366650
0.365379
0.364101
0.362844
0.361588
0.360336
0.359139
0.357963
0.356816
0.355686
0.354591
0.353485
0.352349
0.351185
0.350007
0.348844
0.347726
0.346598
0.345435
0.344237
0.343036
0.341866
0.340671
0.339472
0.338276
0.337094
0.335947
0.334826
0.333698
0.332556
0.331400
0.330263
0.329122
0.327964
0.326798
0.325620
0.324406
0.323199
0.322006
0.320785
0.319602
0.318439
0.317259
0.316086
0.314932
0.313747
0.312588
0.311444
0.310258
0.309047
0.307873
0.306778
0.305705
0.304680
0.303650
0.302636
0.301637
0.300621
0.299609
0.298624
0.297647
0.296629
0.295568
0.294491
0.293445
0.292390
0.291356
0.290340
0.289301
0.288263
0.287251
0.286249
0.285316
0.284379
0.283432
0.282453
0.281502
0.280516
0.279494
0.278474
0.277483
0.276485
0.275493
0.274516
0.273541
0.272610
0.271653
0.270686
0.269676
0.268632
0.267617
0.266635
0.265695
0.264788
0.263868
0.262961
0.262025
0.261088
0.260190
0.259301
0.258392
0.257422
0.256437
0.255490
0.254551
0.253659
0.252820
0.252026
0.251209
0.250415
0.249644
0.248902
0.248189
0.247470
0.246767
0.246088
0.245374
0.244612
0.243825
0.242991
0.242165
0.241327
0.240493
0.239665
0.238795
0.237884
0.236963
0.236030
0.235128
0.234259
0.233376
0.232472
0.231573
0.230686
0.229804
0.228923
0.228100
0.227243
0.226340
0.225416
0.224509
0.223579
0.222687
0.221763
0.220806
0.219850
0.218893
0.217951
0.216992
0.215994
0.214997
0.214014
0.213096
0.212152
0.211251
0.210316
0.209351
0.208402
0.207497
0.206574
0.205594
0.204632
0.203676
0.202715
0.201744
0.200770
0.199807
0.198844
0.197887
0.196946
0.196017
0.195120
0.194260
0.193399
0.192528
0.191670
0.190753
0.189845
0.188921
0.187989
0.187096
0.186208
0.185325
0.184406
0.183471
0.182534
0.181607
0.180644
0.179639
0.178624
0.177613
0.176624
0.175600
0.174576
0.173610
0.172647
0.171698
0.170783
0.169862
0.168934
0.168058
0.167178
0.166295
0.165435
0.164578
0.163732
0.162906
0.162077
0.161292
0.160549
0.159791
0.159039
0.158282
0.157558
0.156830
0.156101
0.155390
0.154705
0.154021
0.153379
0.152729
0.152099
0.151476
0.150835
0.150237
0.149658
0.149106
0.148561
0.148050
0.147555
0.147068
0.146617
0.146145
0.145662
0.145183
0.144686
0.144165
0.143633
0.143071
0.142573
0.142110
0.141700
0.141293
0.140856
0.140389
0.139887
0.139383
0.138844
0.138294
0.137748
0.137200
0.136659
0.136132
0.135640
0.135184
0.134739
0.134290
0.133886
0.133492
0.133147
0.132796
0.132409
0.132054
0.131689
0.131280
0.130856
0.130442
0.130024
0.129657
0.129312
0.128922
0.128554
0.128190
0.127792
0.127401
0.127029
0.126650
0.126254
0.125883
0.125536
0.125165
0.124864
0.124571
0.124247
0.123957
0.123681
0.123384
0.123134
0.122848
0.122549
0.122257
0.121944
0.121639
0.121352
0.121016
0.120640
0.120241
0.119850
0.119460
0.119041
0.118633
0.118234
0.117850
0.117462
0.117043
0.116634
0.116234
0.115808
0.115353
0.114866
0.114405
0.113968
0.113565
0.113154
0.112809
0.112445
0.112053
0.111646
0.111207
0.110765
0.110318
0.109910
0.109557
0.109214
0.108898
0.108547
0.108218
0.107924
0.107642
0.107349
0.107054
0.106797
0.106526
0.106229
0.105929
0.105654
0.105382
0.105078
0.104780
0.104473
0.104151
0.103871
0.103611
0.103370
0.103110
0.102865
0.102630
0.102379
0.102117
0.101799
0.101506
0.101262
0.101001
0.100787
0.100561
0.100317
0.100081
0.099871
0.099660
0.099436
0.099215
0.098993
0.098778
0.098501
0.098214
0.097959
0.097626
0.097262
0.096903
0.096490
0.096067
0.095641
0.095207
0.094725
0.094198
0.093667
0.093151
0.092622
0.092067
0.091530
0.090965
0.090434
0.089885
0.089317
0.088745
0.088182
0.087618
0.087043
0.086450
0.085826
0.085191
0.084584
0.084016
0.083425
0.082894
0.082401
0.081939
0.081441
0.080973
0.080508
0.080029
0.079644
0.079252
0.078886
0.078531
0.078140
0.077761
0.077364
0.076959
0.076501
0.076073
0.075687
0.075355
0.075004
0.074661
0.074324
0.073988
0.073600
0.073204
0.072809
0.072411
0.072003
0.071586
0.071185
0.070768
0.070370
0.069985
0.069629
0.069280
0.068926
0.068619
0.068288
0.067976
0.067662
0.067346
0.066994
0.066654
0.066349
0.066012
0.065708
0.065410
0.065103
0.064817
0.064557
0.064272
0.063985
0.063723
0.063488
0.063197
0.062910
0.062601
0.062286
0.061906
0.061478
0.061054
0.060609
0.060178
0.059733
0.059299
0.058897
0.058479
0.058087
0.057670
0.057265
0.056871
0.056480
0.056057
0.055613
0.055146
0.054649
0.054216
0.053822
0.053446
0.053021
0.052594
0.052131
0.051600
0.051060
0.050515
0.049947
0.049403
0.048859
0.048333
0.047803
0.047283
0.046801
0.046355
0.045914
0.045457
0.045022
0.044575
0.044178
0.043828
0.043512
0.043158
0.042785
0.042433
0.042070
0.041697
0.041279
0.040880
0.040451
0.040028
0.039618
0.039227
0.038852
0.038463
0.038097
0.037732
0.037363
0.037005
0.036662
0.036337
0.035996
0.035666
0.035347
0.035018
0.034682
0.034376
0.034066
0.033767
0.033444
0.033153
0.032887
0.032622
0.032339
0.032066
0.031809
0.031609
0.031396
0.031174
0.030933
0.030663
0.030403
0.030136
0.029905
0.029646
0.029397
0.029210
0.029048
0.028839
0.028631
0.028390
0.028165
0.027957
0.027781
0.027609
0.027482
0.027374
0.027268
0.027188
0.027194
0.027254
0.027304
0.027287
0.027263
0.027259
0.027261
0.027265
0.027254
0.027249
0.027259
0.027255
0.027260
0.027244
0.027241
0.027269
0.027252
0.027274
0.027299
0.027364
0.027399
0.027429
0.027495
0.027564
0.027651
0.027729
0.027750
0.027762
0.027777
0.027799
0.027818
0.027853
0.027879
0.027898
0.027943
0.027984
0.027995
0.027961
0.027931
0.027896
0.027872
0.027848
0.027853
0.027886
0.027896
0.027905
0.027903
0.027894
0.027921
0.027981
0.028021
0.028074
0.028133
0.028192
0.028220
0.028243
0.028242
0.028252
0.028266
0.028298
0.028335
0.028372
0.028413
0.028420
0.028388
0.028460
0.028517
0.028590
0.028695
0.028795
0.028866
0.028985
0.029103
0.029200
0.029288
0.029375
0.029496
0.029593
0.029723
0.029817
0.029873
0.029852
0.029789
0.029754
0.029717
0.029652
0.029637
0.029633
0.029658
0.029692
0.029742
0.029788
0.029823
0.029845
0.029822
0.029783
0.029728
0.029676
0.029651
0.029582
0.029516
0.029457
0.029391
0.029325
0.029246
0.029211
0.029179
0.029122
0.029060
0.028970
0.028885
0.028771
0.028613
0.028442
0.028299
0.028164
0.028019
0.027868
0.027740
0.027547
0.027395
0.027252
0.027104
0.026981
0.026868
0.026744
0.026640
0.026577
0.026531
0.026493
0.026425
0.026380
0.026355
0.026317
0.026336
0.026362
0.026373
0.026361
0.026324
0.026243
0.026183
0.026079
0.025957
0.025870
0.025821
0.025856
0.025867
0.025890
0.025931
0.025994
0.026117
0.026174
0.026233
0.026277
0.026345
0.026389
0.026427
0.026523
0.026582
0.026696
0.026797
0.026924
0.027019
0.027072
0.027143
0.027223
0.027318
0.027357
0.027384
0.027467
0.027570
0.027672
0.027799
0.027897
0.027944
0.027970
0.027982
0.028033
0.028086
0.028124
0.028225
0.028325
0.028447
0.028562
0.028681
0.028805
0.028922
0.029072
0.029197
0.029304
0.029451
0.029608
0.029763
0.029899
0.030019
0.030175
0.030267
0.030363
0.030452
0.030489
0.030578
0.030736
0.030934
0.031137
0.031342
0.031547
0.031717
0.031847
0.031958
0.032099
0.032278
0.032400
0.032522
0.032660
0.032797
0.032899
0.033012
0.033145
0.033262
0.033405
0.033533
0.033629
0.033745
0.033911
0.034071
0.034239
0.034395
0.034552
0.034761
0.034959
0.035154
0.035305
