0.000000
2.000000
2.666667
2.000000
2.400000
2.666667
2.857143
3.000000
2.666667
2.800000
2.909091
3.000000
3.076923
2.857143
2.933333
2.750000
2.823529
2.666667
2.736842
2.800000
2.857143
2.909091
2.956522
3.000000
3.040000
3.076923
2.962963
2.857143
2.896552
2.933333
2.838710
2.875000
2.909091
2.941176
2.857143
2.888889
2.918919
2.947368
2.974359
2.900000
2.829268
2.857143
2.883721
2.909091
2.933333
2.956522
2.978723
3.000000
3.020408
3.040000
3.058824
3.076923
3.018868
3.037037
3.054545
3.071429
3.087719
3.034483
3.050847
3.066667
3.016393
3.032258
3.047619
3.062500
3.076923
3.090909
3.104478
3.117647
3.130435
3.142857
3.154930
3.166667
3.178082
3.189189
3.200000
3.157895
3.168831
3.179487
3.139241
3.100000
3.061728
3.024390
3.036145
3.047619
3.058824
3.069767
3.080460
3.045455
3.056180
3.066667
3.076923
3.086957
3.053763
3.021277
3.031579
3.000000
3.010309
3.020408
2.989899
3.000000
2.970297
2.980392
2.990291
2.961538
2.971429
2.981132
2.990654
3.000000
3.009174
3.018182
3.027027
3.035714
3.044248
3.052632
3.060870
3.034483
3.042735
3.050847
3.058824
3.066667
3.074380
3.081967
3.089431
3.096774
3.104000
3.111111
3.118110
3.125000
3.100775
3.076923
3.053435
3.060606
3.067669
3.074627
3.081481
3.088235
3.065693
3.043478
3.021583
3.000000
2.978723
2.985915
2.993007
3.000000
3.006897
3.013699
3.020408
3.000000
3.006711
3.013333
3.019868
3.000000
3.006536
3.012987
3.019355
3.025641
3.031847
3.012658
2.993711
3.000000
3.006211
2.987654
2.993865
2.975610
2.957576
2.963855
2.970060
2.976190
2.958580
2.964706
2.947368
2.953488
2.959538
2.965517
2.948571
2.954545
2.960452
2.966292
2.972067
2.977778
2.983425
2.967033
2.972678
2.978261
2.983784
2.989247
2.994652
3.000000
3.005291
3.010526
3.015707
3.000000
3.005181
3.010309
2.994872
2.979592
2.964467
2.969697
2.954774
2.960000
2.965174
2.970297
2.975369
2.980392
2.985366
2.970874
2.956522
2.961538
2.966507
2.971429
2.976303
2.981132
2.985915
2.990654
2.995349
3.000000
2.986175
2.990826
2.995434
3.000000
3.004525
3.009009
3.013453
3.017857
3.022222
3.008850
3.013216
3.000000
3.004367
3.008696
3.012987
3.017241
3.004292
3.008547
3.012766
3.000000
3.004219
3.008403
3.012552
3.016667
3.020747
3.024793
3.028807
3.032787
3.036735
3.040650
3.044534
3.048387
3.052209
3.056000
3.059761
3.063492
3.067194
3.055118
3.058824
3.046875
3.050584
3.038760
3.042471
3.046154
3.049808
3.053435
3.057034
3.060606
3.064151
3.052632
3.056180
3.059701
3.063197
3.051852
3.055351
3.058824
3.062271
3.065693
3.069091
3.072464
3.075812
3.064748
3.068100
3.057143
3.060498
3.049645
3.053004
3.042254
3.031579
3.034965
3.024390
3.027778
3.031142
3.034483
3.024055
3.013699
3.003413
2.993197
2.996610
3.000000
3.003367
3.006711
3.010033
3.013333
3.016611
3.006623
3.009901
3.000000
3.003279
3.006536
2.996743
3.000000
3.003236
3.006452
3.009646
3.012821
3.015974
3.006369
3.009524
3.012658
3.015773
3.006289
3.009404
3.012500
3.003115
3.006211
3.009288
3.012346
3.003077
3.006135
3.009174
3.012195
3.015198
3.006061
3.009063
3.012048
3.015015
3.017964
3.008955
3.011905
3.014837
3.017751
3.020649
3.023529
3.026393
3.017544
3.008746
3.011628
3.014493
3.017341
3.020173
3.022989
3.025788
3.028571
3.031339
3.034091
3.025496
3.028249
3.030986
3.033708
3.036415
3.039106
3.030641
3.022222
3.024931
3.027624
3.030303
3.021978
3.024658
3.027322
3.029973
3.032609
3.035230
3.037838
3.040431
3.032258
3.034853
3.037433
3.029333
3.031915
3.034483
3.037037
3.039578
3.042105
3.044619
3.036649
3.039164
3.041667
3.033766
3.025907
3.028424
3.030928
3.023136
3.025641
3.028133
3.030612
3.033079
3.035533
3.027848
3.030303
3.032746
3.035176
3.027569
3.030000
3.032419
3.034826
3.027295
3.029703
3.032099
3.034483
3.036855
3.039216
3.041565
3.043902
3.046229
3.048544
3.050847
3.053140
3.055422
3.057692
3.059952
3.062201
3.054893
3.057143
3.059382
3.061611
3.063830
3.066038
3.068235
3.070423
3.072600
3.065421
3.067599
3.069767
3.071926
3.074074
3.076212
3.069124
3.071264
3.064220
3.066362
3.068493
3.070615
3.072727
3.074830
3.076923
3.069977
3.072072
3.074157
3.067265
3.069351
3.071429
3.064588
3.066667
3.068736
3.070796
3.072848
3.074890
3.076923
3.078947
3.080963
3.082969
3.084967
3.086957
3.080260
3.073593
3.075594
3.077586
3.070968
3.072961
3.074946
3.068376
3.070362
3.072340
3.074310
3.076271
3.069767
3.063291
3.065263
3.067227
3.069182
3.071130
3.073069
3.075000
3.076923
3.078838
3.080745
3.082645
3.084536
3.086420
3.088296
3.090164
3.092025
3.085714
3.079430
3.081301
3.075051
3.076923
3.078788
3.080645
3.082495
3.084337
3.078156
3.072000
3.073852
3.067729
3.069583
3.071429
3.073267
3.075099
3.076923
3.078740
3.080550
3.074510
3.076321
3.078125
3.079922
3.081712
3.083495
3.085271
3.079304
3.081081
3.082852
3.084615
3.086372
3.088123
3.089866
3.091603
3.093333
3.095057
3.096774
3.098485
3.100189
3.101887
3.096045
3.097744
3.099437
3.101124
3.102804
3.104478
3.106145
3.107807
3.109462
3.111111
3.105360
3.107011
3.108656
3.110294
3.111927
3.113553
3.115174
3.116788
3.118397
3.112727
3.114338
3.115942
3.117541
3.119134
3.120721
3.115108
3.116697
3.111111
3.112701
3.114286
3.108734
3.110320
3.111901
3.106383
3.107965
3.109541
3.111111
3.105634
3.107206
3.108772
3.103327
3.104895
3.099476
3.101045
3.102609
3.104167
3.098787
3.093426
3.094991
3.089655
3.091222
3.092784
3.094340
3.095890
3.090598
3.085324
3.080068
3.081633
3.083192
3.084746
3.086294
3.087838
3.082631
3.084175
3.085714
3.087248
3.088777
3.090301
3.091820
3.093333
3.094842
3.096346
3.097844
3.099338
3.094215
3.095710
3.090610
3.092105
3.093596
3.088525
3.090016
3.091503
3.092985
3.094463
3.095935
3.097403
3.098865
3.100324
3.101777
3.096774
3.091787
3.093248
3.094703
3.096154
3.097600
3.092652
3.094099
3.095541
3.096979
3.098413
3.099842
3.101266
3.096367
3.091483
3.086614
3.088050
3.089482
3.084639
3.086072
3.087500
3.088924
3.090343
3.085537
3.086957
3.088372
3.089783
3.091190
3.092593
3.093991
3.095385
3.096774
3.098160
3.099541
3.100917
3.102290
3.103659
3.105023
3.100304
3.101669
3.103030
3.098336
3.093656
3.095023
3.096386
3.097744
3.099099
3.100450
3.095808
3.097160
3.098507
3.099851
3.101190
3.102526
3.103858
3.105185
3.100592
3.101920
3.097345
3.098675
3.100000
3.101322
3.102639
3.098097
3.099415
3.100730
3.102041
3.103348
3.104651
3.100145
3.101449
3.102750
3.098266
3.093795
3.095101
3.096403
3.097701
3.098996
3.100287
3.101574
3.102857
3.104137
3.105413
3.100996
3.096591
3.092199
3.087819
3.089109
3.090395
3.091678
3.087324
3.088608
3.089888
3.091164
3.092437
3.093706
3.094972
3.096234
3.097493
3.098748
3.100000
3.101248
3.102493
3.098202
3.099448
3.100690
3.101928
3.103164
3.104396
3.100137
3.101370
3.102599
3.098361
3.099591
3.095368
3.096599
3.097826
3.093623
3.094851
3.096076
3.097297
3.098516
3.099730
3.100942
3.096774
3.097987
3.099196
3.100402
3.101604
3.102804
3.104000
3.105193
3.106383
3.107570
3.108753
3.109934
3.111111
3.112285
3.113456
3.114625
3.115789
3.111695
3.112861
3.114024
3.115183
3.116340
3.112272
3.108214
3.104167
3.105332
3.106494
3.102464
3.103627
3.104787
3.105943
3.101935
3.103093
3.099099
3.100257
3.101412
3.102564
3.103713
3.104859
3.106003
3.102041
3.098089
3.099237
3.100381
3.101523
3.102662
3.103797
3.104930
3.106061
3.102144
3.103275
3.104403
3.100503
3.096612
3.097744
3.098874
3.100000
3.101124
3.102244
3.103362
3.104478
3.105590
3.106700
3.107807
3.108911
3.110012
3.111111
3.112207
3.113300
3.114391
3.115479
3.111656
3.112745
3.113831
3.114914
3.115995
3.117073
3.113276
3.109489
3.110571
3.106796
3.107879
3.108959
3.105200
3.106280
3.102533
3.103614
3.104693
3.105769
3.106843
3.107914
3.108982
3.110048
3.111111
3.112172
3.108462
3.109524
3.110583
3.111639
3.112693
3.113744
3.114793
3.115839
3.112161
3.113208
3.114252
3.115294
3.116334
3.117371
3.118406
3.119438
3.120468
3.116822
3.117853
3.118881
3.115250
3.116279
3.117305
3.118329
3.119351
3.120370
3.121387
3.122402
3.123414
3.124424
3.120829
3.117241
3.118255
3.119266
3.115693
3.112128
3.113143
3.114155
3.115165
3.111617
3.112628
3.109091
3.105562
3.106576
3.107588
3.108597
3.109605
3.110609
3.111612
3.108108
3.104612
3.105618
3.102132
3.103139
3.104143
3.105145
3.106145
3.107143
3.108138
3.109131
3.105673
3.106667
3.107658
3.108647
3.109635
3.110619
3.107182
3.108168
3.104741
3.105727
3.106711
3.107692
3.108672
3.109649
3.106243
3.102845
3.103825
3.104803
3.105780
3.106754
3.103373
3.104348
3.100977
3.097614
3.098592
3.099567
3.100541
3.101512
3.102481
3.103448
3.104413
3.105376
3.106337
3.107296
3.108253
3.109208
3.110160
3.111111
3.112060
3.108742
3.109691
3.110638
3.107333
3.108280
3.109226
3.110169
3.111111
3.107822
3.108765
3.109705
3.110643
3.107368
3.108307
3.109244
3.110178
3.111111
3.112042
3.112971
3.113898
3.110647
3.111575
3.112500
3.113424
3.110187
3.111111
3.112033
3.112953
3.113872
3.110651
3.107438
3.108359
3.109278
3.110196
3.111111
3.112025
3.112936
3.113846
3.114754
3.115660
3.116564
3.113381
3.114286
3.111111
3.107943
3.104781
3.101626
3.102538
3.103448
3.104357
3.105263
3.106168
3.107071
3.107972
3.108871
3.109768
3.110664
3.107538
3.108434
3.109328
3.110220
3.111111
3.112000
